3.402173781394958496e+01
3.856258153915405273e+01
3.827299666404724121e+01
3.789339709281921387e+01
3.784984421730041504e+01
3.786215138435363770e+01
3.786702275276184082e+01
3.790627694129943848e+01
3.788489246368408203e+01
3.787998390197753906e+01
3.787795066833496094e+01
3.772541880607604980e+01
3.780694270133972168e+01
3.782646703720092773e+01
3.778871917724609375e+01
3.782864642143249512e+01
3.792155122756958008e+01
3.806779909133911133e+01
3.805947804450988770e+01
3.812113142013549805e+01
