4.238021922111511230e+01
1.436029131174087524e+03
1.404153974294662476e+03
1.411748298168182373e+03
1.406044423103332520e+03
1.445185011863708496e+03
1.407353494167327881e+03
1.405848523855209351e+03
1.410111893177032471e+03
1.412747350931167603e+03
1.405846623659133911e+03
1.406202264308929443e+03
1.405434239864349365e+03
1.405659200429916382e+03
1.405190137386322021e+03
1.417640294313430786e+03
1.414675695180892944e+03
1.404841845989227295e+03
1.419222359657287598e+03
1.405489652872085571e+03
