-3.184002750344916421e-08
3.817047119140625000e+01
5.701860427856445312e+01
6.965289306640625000e+01
7.640360260009765625e+01
8.636788940429687500e+01
8.370520019531250000e+01
9.079821014404296875e+01
8.800350952148437500e+01
8.572558593750000000e+01
8.870379638671875000e+01
9.614277648925781250e+01
9.092176818847656250e+01
8.995314025878906250e+01
9.252909088134765625e+01
8.566545104980468750e+01
8.503181457519531250e+01
8.370742034912109375e+01
8.045516967773437500e+01
7.914968872070312500e+01
