-3.184002750344916421e-08
1.384943723678588867e+00
1.627956962585449219e+01
3.287368774414062500e+01
3.396381759643554688e+01
4.358811950683593750e+01
4.746105957031250000e+01
5.288103103637695312e+01
5.054396438598632812e+01
5.623777770996093750e+01
5.874195480346679688e+01
7.051570129394531250e+01
6.753198242187500000e+01
6.757259368896484375e+01
7.317791748046875000e+01
7.192604064941406250e+01
7.027510070800781250e+01
7.408309936523437500e+01
7.813639831542968750e+01
7.958094024658203125e+01
