2.688165068320813589e-06
4.209197998046875000e+01
2.955565071105957031e+01
1.639064979553222656e+01
-4.940299987792968750e-01
1.111770629882812500e+01
2.899230575561523438e+01
4.725044250488281250e+00
1.296515274047851562e+01
1.841038131713867188e+01
1.017842483520507812e+01
2.175516891479492188e+01
1.252155303955078125e+01
9.750549316406250000e+00
2.334996795654296875e+01
-5.631469726562500000e+00
-4.365806579589843750e+00
-5.437377929687500000e+00
1.851598358154296875e+01
1.606477355957031250e+01
