-2.720005113587831147e-06
-4.070703506469726562e+01
-1.327608108520507812e+01
1.648303794860839844e+01
3.445784759521484375e+01
3.247041320800781250e+01
1.846875381469726562e+01
4.815598678588867188e+01
3.757881164550781250e+01
3.782739639282226562e+01
4.856352996826171875e+01
4.876053237915039062e+01
5.501042938232421875e+01
5.782204437255859375e+01
4.982794952392578125e+01
7.755751037597656250e+01
7.464090728759765625e+01
7.952047729492187500e+01
5.962041473388671875e+01
6.351616668701171875e+01
