-2.216261236753780395e-06
1.152123737335205078e+01
3.812981033325195312e+01
5.172320938110351562e+01
6.062135696411132812e+01
7.130520629882812500e+01
7.019844055175781250e+01
7.728930664062500000e+01
7.850829315185546875e+01
7.523288726806640625e+01
8.124151611328125000e+01
8.305490112304687500e+01
7.928948974609375000e+01
8.068270111083984375e+01
7.923367309570312500e+01
7.607093048095703125e+01
7.640664672851562500e+01
7.513647460937500000e+01
7.045640563964843750e+01
7.008149719238281250e+01
