2.184421191486762837e-06
2.664923477172851562e+01
1.888879394531250000e+01
1.792968368530273438e+01
1.578224563598632812e+01
1.506268310546875000e+01
1.350675964355468750e+01
1.350890350341796875e+01
9.495216369628906250e+00
1.049269866943359375e+01
7.462280273437500000e+00
1.308787536621093750e+01
1.163227844238281250e+01
9.270439147949218750e+00
1.329541778564453125e+01
9.594520568847656250e+00
8.625167846679687500e+00
8.570945739746093750e+00
9.998764038085937500e+00
9.068191528320312500e+00
