-9.624590724706649780e-02
-3.557938281250000000e+04
-1.756319000000000000e+06
-1.807770800000000000e+07
-6.914965600000000000e+07
-2.424316960000000000e+08
-5.735352320000000000e+08
-1.083769216000000000e+09
-1.688929536000000000e+09
-3.453966592000000000e+09
-4.478296576000000000e+09
-9.431111680000000000e+09
-1.372162764800000000e+10
-1.995733811200000000e+10
-2.630964224000000000e+10
-3.476564377600000000e+10
-4.956074803200000000e+10
-4.288028262400000000e+10
-7.028758118400000000e+10
-9.181398630400000000e+10
-1.070648115200000000e+11
-1.174368010240000000e+11
-1.487534981120000000e+11
-1.863163740160000000e+11
-2.234441400320000000e+11
-2.278565150720000000e+11
-2.166074900480000000e+11
-3.403373936640000000e+11
-4.200844492800000000e+11
-4.371470745600000000e+11
-5.090652323840000000e+11
-5.732102307840000000e+11
-6.580907540480000000e+11
-7.808322109440000000e+11
-8.523812044800000000e+11
-9.249631764480000000e+11
-8.802140160000000000e+11
-1.205555429376000000e+12
-1.245827825664000000e+12
-1.647920807936000000e+12
-1.373927112704000000e+12
-1.576118255616000000e+12
-2.053596250112000000e+12
-2.169146179584000000e+12
-2.070734700544000000e+12
-2.387739934720000000e+12
-2.550067363840000000e+12
-2.447491727360000000e+12
-3.260180856832000000e+12
-3.029832564736000000e+12
