1.413115411996841431e-01
3.113096484375000000e+04
1.741601750000000000e+06
1.832308200000000000e+07
7.110029600000000000e+07
2.458800000000000000e+08
5.893671040000000000e+08
1.110510720000000000e+09
1.741562112000000000e+09
3.550037248000000000e+09
4.595938304000000000e+09
9.615622144000000000e+09
1.398705152000000000e+10
2.027300044800000000e+10
2.682150092800000000e+10
3.511104716800000000e+10
5.013138636800000000e+10
4.382980915200000000e+10
7.170378137600000000e+10
9.286251315200000000e+10
1.082421903360000000e+11
1.188609802240000000e+11
1.504425410560000000e+11
1.882651852800000000e+11
2.249642475520000000e+11
2.301206528000000000e+11
2.188405145600000000e+11
3.424751452160000000e+11
4.237488291840000000e+11
4.413455728640000000e+11
5.150034821120000000e+11
5.800643133440000000e+11
6.632369684480000000e+11
7.892077117440000000e+11
8.593598054400000000e+11
9.362277662720000000e+11
8.937326510080000000e+11
1.217036681216000000e+12
1.262597963776000000e+12
1.663156224000000000e+12
1.393783734272000000e+12
1.593942474752000000e+12
2.077475340288000000e+12
2.191520694272000000e+12
2.098810322944000000e+12
2.421138915328000000e+12
2.585175261184000000e+12
2.475208998912000000e+12
3.299884138496000000e+12
3.078143082496000000e+12
