-9.819304198026657104e-02
-2.802351360000000000e+08
-1.898005094400000000e+10
-2.162397839360000000e+11
-8.791967662080000000e+11
-1.694394220544000000e+12
-4.327151763456000000e+12
-7.418968276992000000e+12
-1.235804802252800000e+13
-1.484478794956800000e+13
-1.600448049971200000e+13
7.298671575040000000e+11
8.467562627072000000e+12
2.064133180620800000e+13
3.937017004032000000e+13
4.441450007756800000e+13
4.552691338444800000e+13
4.998550886809600000e+13
5.646329682329600000e+13
9.483475694387200000e+13
