1.459960124492645264e+02
1.646681377887725830e+02
1.646359264850616455e+02
1.646799480915069580e+02
1.646591594219207764e+02
1.645691537857055664e+02
1.645603768825531006e+02
1.645851964950561523e+02
1.645718138217926025e+02
1.645722362995147705e+02
1.645708630084991455e+02
1.645786786079406738e+02
1.645470838546752930e+02
1.645633025169372559e+02
1.645983915328979492e+02
1.645923619270324707e+02
1.646339969635009766e+02
1.645685346126556396e+02
1.646051402091979980e+02
1.646236867904663086e+02
