-1.197009980678558350e-01
-3.254172897338867188e+01
-7.581239318847656250e+01
-7.952824401855468750e+01
-8.369011688232421875e+01
-9.908338928222656250e+01
-1.052486495971679688e+02
-1.025110931396484375e+02
-1.072218093872070312e+02
-1.215719680786132812e+02
-1.223346633911132812e+02
-1.250525054931640625e+02
-1.333267517089843750e+02
-1.376640930175781250e+02
-1.406084899902343750e+02
-1.408562011718750000e+02
-1.371672973632812500e+02
-1.427591400146484375e+02
-1.634598693847656250e+02
-1.612325286865234375e+02
-1.646980590820312500e+02
-1.763456726074218750e+02
-1.772952575683593750e+02
-1.624564208984375000e+02
-1.848497924804687500e+02
-1.778522186279296875e+02
-1.706091308593750000e+02
-1.636795654296875000e+02
-1.651431732177734375e+02
-1.779535827636718750e+02
-1.851495666503906250e+02
-1.859765625000000000e+02
-1.824997711181640625e+02
-1.780292663574218750e+02
-1.708729248046875000e+02
-1.762185363769531250e+02
-1.976748962402343750e+02
-1.873247985839843750e+02
-1.877879638671875000e+02
-1.957132263183593750e+02
-2.042523803710937500e+02
-1.942942504882812500e+02
-1.931397705078125000e+02
-1.981557617187500000e+02
-1.936037292480468750e+02
-2.021765747070312500e+02
-2.052431335449218750e+02
-2.130483398437500000e+02
-2.065685729980468750e+02
-2.193678588867187500e+02
