-2.228001654148101807e-01
-1.183127680000000000e+08
-3.075517440000000000e+10
-2.803531776000000000e+11
-1.053399908352000000e+12
-2.723049111552000000e+12
-5.632160694272000000e+12
-1.018137411584000000e+13
-1.698106546585600000e+13
-2.614473470771200000e+13
-3.810469399756800000e+13
-5.340117388492800000e+13
-7.219808147865600000e+13
-9.512668050227200000e+13
-1.223729967267840000e+14
-1.543908370677760000e+14
-1.925129667870720000e+14
-2.350519167221760000e+14
-2.829635855319040000e+14
-3.380746932715520000e+14
