9.557142686843872070e+01
1.115112631320953369e+02
1.107782065868377686e+02
1.103518290519714355e+02
1.106007518768310547e+02
1.107064719200134277e+02
1.085436413288116455e+02
1.081561644077301025e+02
1.086681442260742188e+02
1.077624709606170654e+02
1.089545876979827881e+02
1.074587502479553223e+02
1.087878713607788086e+02
1.082516014575958252e+02
1.079588520526885986e+02
1.082135124206542969e+02
1.080691661834716797e+02
1.075469062328338623e+02
1.085741949081420898e+02
1.085173947811126709e+02
1.077288839817047119e+02
1.081228332519531250e+02
1.078394508361816406e+02
1.084070522785186768e+02
1.084290051460266113e+02
1.070838518142700195e+02
1.082157363891601562e+02
1.080987198352813721e+02
1.073755567073822021e+02
1.084381318092346191e+02
1.084881789684295654e+02
1.075073022842407227e+02
1.084458556175231934e+02
1.083763794898986816e+02
1.079171285629272461e+02
1.080755460262298584e+02
1.082082986831665039e+02
1.085531067848205566e+02
1.076392652988433838e+02
1.095522150993347168e+02
1.082532396316528320e+02
1.080452356338500977e+02
1.088113582134246826e+02
1.079287400245666504e+02
1.072792396545410156e+02
1.077712454795837402e+02
1.083062565326690674e+02
1.086570649147033691e+02
1.077738809585571289e+02
1.078180260658264160e+02
