-6.786475181579589844e-01
1.567936325073242188e+01
1.796188354492187500e+01
2.692901611328125000e+00
1.860176086425781250e+00
3.886665344238281250e+00
1.053728485107421875e+01
-8.761741638183593750e+00
4.844390869140625000e+00
2.615051269531250000e+00
1.455922698974609375e+01
1.104521179199218750e+01
-3.285278320312500000e+00
2.192604064941406250e+01
5.101196289062500000e+00
7.191467285156250000e+00
5.228820800781250000e+00
4.651962280273437500e+00
-6.740478515625000000e+00
-2.044494628906250000e+00
6.054534912109375000e-01
5.909820556640625000e+00
-2.082458496093750000e+00
2.031347656250000000e+01
-2.752160644531250000e+01
4.277374267578125000e+00
-7.978973388671875000e+00
1.627642822265625000e+01
2.486114501953125000e-01
-1.619845581054687500e+01
-1.657244873046875000e+01
1.044132995605468750e+01
-1.170951843261718750e+01
7.881698608398437500e+00
3.051635742187500000e+00
4.374755859375000000e+00
-9.345291137695312500e+00
-6.723388671875000000e+00
3.735107421875000000e+00
-1.704040527343750000e+00
6.924453735351562500e+00
-1.226092529296875000e+01
1.244171142578125000e+01
-8.865997314453125000e+00
5.090270996093750000e+00
-7.607391357421875000e+00
-9.646286010742187500e+00
-1.729290771484375000e+01
7.105041503906250000e+00
-1.108636474609375000e+01
