5.434273872345305563e+02
5.434273868998931221e+02
5.434273871572602275e+02
5.434273874837407448e+02
5.434273874267762494e+02
5.434273869762524782e+02
5.434273874255778765e+02
5.434273875834852561e+02
5.434273881216806785e+02
5.434273873394283783e+02
5.434273869140911302e+02
5.434273872599651440e+02
5.434273874697979636e+02
5.434273876611961214e+02
5.434273874354435065e+02
5.434273870877655099e+02
5.434273875330626424e+02
5.434273871197431163e+02
5.434273876591507815e+02
5.434273878684670080e+02
5.434273872776644794e+02
5.434273876920969997e+02
5.434273874099043269e+02
5.434273871058854866e+02
