-5.373138417413542811e+02
-5.374206088663742094e+02
-5.373240419988082976e+02
-5.373510016653841603e+02
-5.373348548812582521e+02
-5.373853399610374026e+02
-5.373950809578542476e+02
-5.373888878440008057e+02
-5.373693424702432822e+02
-5.375329700490480036e+02
-5.373816854483636689e+02
-5.373291891800145095e+02
-5.373229085863493992e+02
-5.374011256377518748e+02
-5.374042129390551281e+02
-5.373463297453857876e+02
-5.373702720784461917e+02
-5.374571543069334894e+02
-5.374537308175122234e+02
-5.374055181552156455e+02
-5.374153959888585632e+02
-5.373801698055839324e+02
-5.373799808756075436e+02
-5.373548016096393667e+02
