2.266575198173522949e+02
2.689854474067687988e+02
2.688958549499511719e+02
2.688088603019714355e+02
2.686140148639678955e+02
2.686436176300048828e+02
2.690208916664123535e+02
2.694429585933685303e+02
2.690702638626098633e+02
2.689749124050140381e+02
2.688590734004974365e+02
2.687571334838867188e+02
2.693259558677673340e+02
2.696756434440612793e+02
2.696846566200256348e+02
2.717133929729461670e+02
2.716225154399871826e+02
2.707879316806793213e+02
2.703523051738739014e+02
2.708267107009887695e+02
2.700699412822723389e+02
2.715564720630645752e+02
2.708475482463836670e+02
2.711775116920471191e+02
