1.022059102007988507e+01
1.014014861598242589e+01
1.018805864669779560e+01
1.019514932219151326e+01
1.017587754410993206e+01
1.018827694049116239e+01
1.014449001912889869e+01
1.018820152702716975e+01
1.017946632335667267e+01
1.008603365006595354e+01
1.014227830545229025e+01
1.023374663513677874e+01
1.019366236564671091e+01
1.016299217726664139e+01
1.016143888168150156e+01
1.018598360697043859e+01
1.016843951627233444e+01
1.008524006962880826e+01
1.014216436195506787e+01
1.015175865019648960e+01
1.016454770835696308e+01
1.019349879983501239e+01
1.014779553501550780e+01
1.016135002895104833e+01
