3.723871397972106934e+01
4.919220614433288574e+01
4.919374394416809082e+01
4.911712479591369629e+01
4.911580133438110352e+01
4.917186236381530762e+01
4.911513566970825195e+01
4.909186100959777832e+01
4.903330039978027344e+01
4.910136151313781738e+01
4.908954453468322754e+01
4.907330203056335449e+01
4.923992824554443359e+01
4.912418842315673828e+01
4.911233401298522949e+01
4.928675198554992676e+01
4.916146230697631836e+01
4.928811311721801758e+01
4.917145109176635742e+01
4.913842773437500000e+01
4.911732220649719238e+01
4.917517614364624023e+01
4.917765522003173828e+01
4.925825977325439453e+01
