1.081977829318417861e+01
1.081977826958900835e+01
1.081977818801987468e+01
1.081977829723730977e+01
1.081977826090146877e+01
1.081977807058281016e+01
1.081977802343311978e+01
1.081977813948447675e+01
1.081977834274322525e+01
1.081977822685172796e+01
1.081977805913919966e+01
1.081977815031081036e+01
1.081977813918081921e+01
1.081977821280305108e+01
1.081977829581826889e+01
1.081977821984746768e+01
1.081977808220363002e+01
1.081977828464899360e+01
1.081977813557747936e+01
1.081977828917723805e+01
1.081977826067706161e+01
1.081977810049602695e+01
1.081977819241614824e+01
1.081977820855733441e+01
