1.065825775287996535e+01
1.065716776043540115e+01
1.066574052643306203e+01
1.066414348323975148e+01
1.067361379671669752e+01
1.063152006225770307e+01
1.068640553894838696e+01
1.063626284835744684e+01
1.066848199562983979e+01
1.068295381836933622e+01
1.066379383729340447e+01
1.068685509017071134e+01
1.066203675312540433e+01
1.068236999291690914e+01
1.064825496102359459e+01
1.065317366046735970e+01
1.067399700842433496e+01
1.066847165530204578e+01
1.067818774980050733e+01
1.066079679999784879e+01
1.064481241016973634e+01
1.066326532468573696e+01
1.067888960992216951e+01
1.065613415026052380e+01
