-5.373013380700014068e+02
-5.373093649908605585e+02
-5.372833519813480052e+02
-5.373149166215480363e+02
-5.372689376482699117e+02
-5.372972032114045078e+02
-5.372653466288001027e+02
-5.373063521587777132e+02
-5.372866306124650464e+02
-5.372523347111970224e+02
-5.372786835290835370e+02
-5.372943130811866013e+02
-5.372853919818304576e+02
-5.372686082673325245e+02
-5.373087991364931213e+02
-5.373146395998212483e+02
-5.372714701721263282e+02
-5.372560529705267527e+02
-5.372652268544280787e+02
-5.372746347030125662e+02
-5.372976007870763624e+02
-5.373003811018419356e+02
-5.372807526965635816e+02
-5.373213431249217820e+02
