1.390410280227661133e+01
2.322220492362976074e+01
2.327973484992980957e+01
2.328432750701904297e+01
2.331493782997131348e+01
2.332106113433837891e+01
2.332313179969787598e+01
2.327284264564514160e+01
2.331038689613342285e+01
2.338322639465332031e+01
2.328253984451293945e+01
2.322616338729858398e+01
2.325706481933593750e+01
2.330098676681518555e+01
2.324992871284484863e+01
2.327056384086608887e+01
2.328811335563659668e+01
2.326061153411865234e+01
2.323205971717834473e+01
2.334786725044250488e+01
2.332919573783874512e+01
2.328335690498352051e+01
2.327146792411804199e+01
2.327524852752685547e+01
