5.426189383769370806e+02
5.426589994734570155e+02
5.425931646762774108e+02
5.426312870977480998e+02
5.426007814272537644e+02
5.426645959279659337e+02
5.426284823761802727e+02
5.426728465088418716e+02
5.426296651240234041e+02
5.427103570044432672e+02
5.426116170748524610e+02
5.426570261802233972e+02
5.426211273148967393e+02
5.426622402276798312e+02
5.426552642805619371e+02
5.426373300597769003e+02
5.426215308326346758e+02
5.426385241744463883e+02
5.426808688700609764e+02
5.426403367622306178e+02
5.426621617823846009e+02
5.426601989883899932e+02
5.426114158021030107e+02
5.425984686313971679e+02
