-5.374596392052666260e+02
-5.374596388942240992e+02
-5.374596392331604875e+02
-5.374596394504234240e+02
-5.374596394297948336e+02
-5.374596391695898774e+02
-5.374596396660648452e+02
-5.374596397079208145e+02
-5.374596400428576999e+02
-5.374596393764968525e+02
-5.374596391188720190e+02
-5.374596393735744186e+02
-5.374596395945371796e+02
-5.374596397123132192e+02
-5.374596394035453386e+02
-5.374596391318381166e+02
-5.374596397147790867e+02
-5.374596390990142254e+02
-5.374596397874933018e+02
-5.374596398432098567e+02
-5.374596392809073677e+02
-5.374596398555211181e+02
-5.374596394814083169e+02
-5.374596391612482194e+02
