5.430984455751417954e+02
5.431057791492446540e+02
5.430891435265746168e+02
5.431176867801406161e+02
5.430807285734109655e+02
5.430673340133855618e+02
5.430902692889623040e+02
5.430817962980272569e+02
5.430933658259798449e+02
5.430730825149004204e+02
5.430806816239263526e+02
5.431201887617164630e+02
5.430856006904161859e+02
5.430897249981987898e+02
5.430963516360095582e+02
5.431057959390894894e+02
5.430833598113894141e+02
5.430621644698198907e+02
5.430824245070944016e+02
5.430756799385929980e+02
5.430803462440414933e+02
5.431020152639309799e+02
5.430977724234176094e+02
5.431155019726730870e+02
