-3.255320848438714165e-07
-4.612711429595947266e+00
-7.380097866058349609e+00
-1.311759090423583984e+01
-1.861255645751953125e+01
-2.610187149047851562e+01
-3.623823547363281250e+01
-1.919549179077148438e+01
-3.203679275512695312e+01
-4.363195800781250000e+01
-4.375370788574218750e+01
-3.913584518432617188e+01
-3.028720092773437500e+01
-5.047835540771484375e+01
-5.610315322875976562e+01
-4.425563812255859375e+01
-6.524806213378906250e+01
-3.923316574096679688e+01
-3.707397842407226562e+01
-6.758767700195312500e+01
-5.305786895751953125e+01
-5.758018493652343750e+01
-6.634370422363281250e+01
-5.885513305664062500e+01
-7.425468444824218750e+01
-7.524194335937500000e+01
-3.260290908813476562e+01
-7.217971801757812500e+01
-8.165560913085937500e+01
-6.383166503906250000e+01
-4.976301956176757812e+01
-5.924531173706054688e+01
-6.033482742309570312e+01
-6.596887969970703125e+01
-6.323844146728515625e+01
-6.174111175537109375e+01
-4.093407440185546875e+01
-6.886847686767578125e+01
-5.706599044799804688e+01
-6.196862030029296875e+01
-7.240612792968750000e+01
-5.286545562744140625e+01
-4.866685485839843750e+01
-3.557475280761718750e+01
-6.499497985839843750e+01
-6.055139923095703125e+01
-4.789182281494140625e+01
-4.252239227294921875e+01
-7.776415252685546875e+01
-4.398368835449218750e+01
-4.316776275634765625e+01
-5.954169082641601562e+01
-4.361320495605468750e+01
-5.719076538085937500e+01
-2.842284011840820312e+01
-3.586671447753906250e+01
-4.736670303344726562e+01
-4.271849060058593750e+01
-2.512324142456054688e+01
-6.302020645141601562e+01
0.000000000000000000e+00
