1.132423973083496094e+01
1.976094102859497070e+01
1.972502613067626953e+01
1.970334172248840332e+01
1.972422194480895996e+01
1.971747136116027832e+01
1.974183225631713867e+01
1.970924973487854004e+01
1.959951019287109375e+01
1.957328724861145020e+01
1.956246018409729004e+01
1.955789637565612793e+01
1.957019114494323730e+01
1.956752443313598633e+01
1.955199098587036133e+01
1.955024552345275879e+01
1.955016326904296875e+01
1.955473375320434570e+01
1.956310558319091797e+01
1.956151962280273438e+01
1.955798768997192383e+01
1.953927206993103027e+01
1.956780695915222168e+01
1.962740850448608398e+01
1.956884312629699707e+01
1.956404614448547363e+01
1.954491877555847168e+01
1.955113744735717773e+01
1.955358862876892090e+01
1.955459403991699219e+01
1.955427145957946777e+01
1.956969928741455078e+01
1.952931809425354004e+01
1.954996299743652344e+01
1.959151434898376465e+01
1.956548810005187988e+01
1.956719660758972168e+01
1.958530473709106445e+01
1.960283493995666504e+01
1.957100844383239746e+01
1.957067751884460449e+01
1.956580543518066406e+01
1.957737445831298828e+01
1.955154633522033691e+01
1.955861425399780273e+01
1.955676245689392090e+01
1.955135250091552734e+01
1.955016303062438965e+01
1.954829478263854980e+01
1.956970000267028809e+01
1.957543301582336426e+01
1.955214166641235352e+01
1.954431080818176270e+01
1.955130982398986816e+01
1.955230450630187988e+01
1.956343603134155273e+01
1.955323481559753418e+01
1.959715795516967773e+01
1.957017421722412109e+01
1.955271053314208984e+01
0.000000000000000000e+00
