6.046715378761291504e-01
9.065688848495483398e-01
9.189254045486450195e-01
9.143016338348388672e-01
9.076052308082580566e-01
9.058514237403869629e-01
9.000318646430969238e-01
9.249043464660644531e-01
9.125478267669677734e-01
9.068080186843872070e-01
9.090401530265808105e-01
9.144610762596130371e-01
9.211575388908386230e-01
9.131855964660644531e-01
9.061703085899353027e-01
9.190848469734191895e-01
9.026626348495483398e-01
9.182876348495483398e-01
9.209183454513549805e-01
9.081632494926452637e-01
9.137436151504516602e-01
9.162149429321289062e-01
9.137436151504516602e-01
9.184470772743225098e-01
9.072066545486450195e-01
9.081632494926452637e-01
9.308832883834838867e-01
9.107940196990966797e-01
9.095982313156127930e-01
9.136639237403869629e-01
9.202008843421936035e-01
9.147002696990966797e-01
9.178890585899353027e-01
9.133450388908386230e-01
9.154974222183227539e-01
9.139030575752258301e-01
9.268973469734191895e-01
9.151785969734191895e-01
9.224330186843872070e-01
9.120694994926452637e-01
9.119100570678710938e-01
9.268175959587097168e-01
9.239476919174194336e-01
9.284917116165161133e-01
9.192442893981933594e-01
9.178890585899353027e-01
9.308035969734191895e-01
9.231505393981933594e-01
9.135044813156127930e-01
9.225924611091613770e-01
9.240274429321289062e-01
9.143813848495483398e-01
9.252232313156127930e-01
9.230707883834838867e-01
9.296875000000000000e-01
9.253029227256774902e-01
9.225924611091613770e-01
9.241071343421936035e-01
9.322385191917419434e-01
9.212372303009033203e-01
0.000000000000000000e+00
