-2.329954895685659721e-06
-1.022506866455078125e+02
-1.821882019042968750e+02
-2.410640563964843750e+02
-3.488921508789062500e+02
-4.051724243164062500e+02
-3.948052978515625000e+02
-4.206498413085937500e+02
-5.328438110351562500e+02
-5.396340332031250000e+02
-4.734633178710937500e+02
-5.907744750976562500e+02
-5.812709960937500000e+02
-4.937489624023437500e+02
-4.638250122070312500e+02
-5.804769897460937500e+02
-3.576436157226562500e+02
-4.325007934570312500e+02
-4.044858398437500000e+02
-3.231597900390625000e+02
-6.135872192382812500e+02
-4.227524414062500000e+02
-2.759012451171875000e+02
-5.617548217773437500e+02
-2.631068115234375000e+02
-2.104603118896484375e+02
-4.077594299316406250e+02
-3.363996582031250000e+02
-5.895915527343750000e+02
-1.669326934814453125e+02
-5.470137329101562500e+02
-2.034808654785156250e+02
-8.309254455566406250e+01
-5.341185913085937500e+02
-4.976501770019531250e+02
-3.773647155761718750e+02
-3.265477905273437500e+02
-3.134836120605468750e+02
-2.154064331054687500e+02
-3.344668579101562500e+02
-2.114418640136718750e+02
-1.314388427734375000e+02
-1.375815124511718750e+02
-1.558577880859375000e+02
-1.476839599609375000e+02
-4.468453674316406250e+02
-3.055258178710937500e+02
-2.326452026367187500e+02
-1.076034851074218750e+02
-1.413970336914062500e+02
-4.011537475585937500e+02
-1.036248016357421875e+02
-4.461295471191406250e+02
-7.501811218261718750e+01
-1.898439788818359375e+02
-1.656405639648437500e+02
-2.304798431396484375e+02
-1.355908203125000000e+02
-3.230863952636718750e+02
-1.316221923828125000e+02
0.000000000000000000e+00
