-2.349090576171875000e-01
-1.208978414535522461e+00
-2.517151355743408203e+00
-5.735333919525146484e+00
-1.045455551147460938e+01
-1.753126525878906250e+01
-2.384486770629882812e+01
-3.429405212402343750e+01
-4.870100402832031250e+01
-6.413710021972656250e+01
-8.221806335449218750e+01
-1.027331848144531250e+02
-1.478081359863281250e+02
-1.683218536376953125e+02
-2.251931762695312500e+02
-2.629168701171875000e+02
-3.224258117675781250e+02
-3.623633422851562500e+02
-4.435350952148437500e+02
-5.443267211914062500e+02
-6.326478881835937500e+02
-7.455092163085937500e+02
-9.772296142578125000e+02
-1.029521728515625000e+03
-1.234517822265625000e+03
-1.439033081054687500e+03
-1.526463623046875000e+03
-1.874134521484375000e+03
-2.295688476562500000e+03
-2.480823730468750000e+03
-3.024015136718750000e+03
-3.171202880859375000e+03
-3.639074462890625000e+03
-3.604111083984375000e+03
-3.859615722656250000e+03
-4.903271972656250000e+03
-5.106628906250000000e+03
-6.589409179687500000e+03
-7.573418457031250000e+03
-7.271091796875000000e+03
-6.688907226562500000e+03
-7.468608398437500000e+03
-1.005329882812500000e+04
-1.093075000000000000e+04
-1.002935546875000000e+04
-8.537116210937500000e+03
-8.576187500000000000e+03
-1.163736132812500000e+04
-8.452210937500000000e+03
-1.073224707031250000e+04
-1.142474218750000000e+04
-1.207560546875000000e+04
-9.231498046875000000e+03
-7.065153320312500000e+03
-3.595792480468750000e+03
-8.419840820312500000e+03
-1.378269042968750000e+04
-1.330969921875000000e+04
-1.688937109375000000e+04
-1.105326562500000000e+04
0.000000000000000000e+00
