2.979476904869079590e+01
5.211632204055786133e+01
5.212889981269836426e+01
5.212682461738586426e+01
5.209990024566650391e+01
5.211205196380615234e+01
5.209593868255615234e+01
5.209015083312988281e+01
5.209160733222961426e+01
5.209705495834350586e+01
5.210881948471069336e+01
5.209694766998291016e+01
5.210609769821166992e+01
5.209962463378906250e+01
5.209062170982360840e+01
5.208922576904296875e+01
5.208965992927551270e+01
5.209277224540710449e+01
5.209200882911682129e+01
5.207901167869567871e+01
5.207935690879821777e+01
5.207848048210144043e+01
5.208676838874816895e+01
5.209115076065063477e+01
5.207261776924133301e+01
5.209412384033203125e+01
5.208817362785339355e+01
5.207585024833679199e+01
5.207835984230041504e+01
5.206907916069030762e+01
5.208355736732482910e+01
5.208464503288269043e+01
5.205401253700256348e+01
5.205821681022644043e+01
5.206138730049133301e+01
5.207212805747985840e+01
5.207576942443847656e+01
5.208644962310791016e+01
5.208437585830688477e+01
5.208930611610412598e+01
5.207435631752014160e+01
5.207314300537109375e+01
5.209306168556213379e+01
5.207817125320434570e+01
5.208444142341613770e+01
5.207137846946716309e+01
5.208486914634704590e+01
5.208702087402343750e+01
5.208248233795166016e+01
5.207973527908325195e+01
5.207136869430541992e+01
5.206542325019836426e+01
5.205625486373901367e+01
5.206332993507385254e+01
5.206099390983581543e+01
5.207106280326843262e+01
5.207671427726745605e+01
5.207666683197021484e+01
5.208618116378784180e+01
5.207933974266052246e+01
0.000000000000000000e+00
