1.735337078571319580e-01
1.511370658874511719e+00
3.829638004302978516e+00
6.483267307281494141e+00
9.971321105957031250e+00
1.383956909179687500e+01
2.209501647949218750e+01
3.069493865966796875e+01
4.165607452392578125e+01
5.809182739257812500e+01
7.473268127441406250e+01
1.042142028808593750e+02
1.177116088867187500e+02
1.667805938720703125e+02
1.949060058593750000e+02
2.700628051757812500e+02
3.306291198730468750e+02
4.324774780273437500e+02
5.813721313476562500e+02
7.363759155273437500e+02
8.996416625976562500e+02
1.192575683593750000e+03
1.406748901367187500e+03
1.903347900390625000e+03
2.327435302734375000e+03
2.840602539062500000e+03
3.585459716796875000e+03
4.152792968750000000e+03
5.188561523437500000e+03
6.198609863281250000e+03
6.823110839843750000e+03
9.066044921875000000e+03
1.086435058593750000e+04
1.471743164062500000e+04
1.637881054687500000e+04
2.007482421875000000e+04
2.214736718750000000e+04
2.611146093750000000e+04
2.864790234375000000e+04
3.578601562500000000e+04
4.546602343750000000e+04
5.169667187500000000e+04
5.996290625000000000e+04
7.209259375000000000e+04
7.831776562500000000e+04
9.666269531250000000e+04
1.122913750000000000e+05
1.488229531250000000e+05
1.513053125000000000e+05
1.924395000000000000e+05
1.896753437500000000e+05
1.806533906250000000e+05
2.457326250000000000e+05
2.935280625000000000e+05
3.476011875000000000e+05
3.661669687500000000e+05
3.840719375000000000e+05
4.330061250000000000e+05
4.989888125000000000e+05
5.254377500000000000e+05
0.000000000000000000e+00
