6.659757494926452637e-01
7.433832883834838867e-01
8.741230964660644531e-01
9.018654227256774902e-01
9.143813848495483398e-01
9.064891338348388672e-01
9.218750000000000000e-01
9.179687500000000000e-01
9.159757494926452637e-01
9.150988459587097168e-01
9.185267686843872070e-01
9.217953085899353027e-01
9.139828085899353027e-01
9.261001348495483398e-01
9.151785969734191895e-01
9.290497303009033203e-01
9.331951737403869629e-01
9.275350570678710938e-01
9.275350570678710938e-01
9.269770383834838867e-01
9.231505393981933594e-01
9.181281924247741699e-01
9.079241156578063965e-01
9.107142686843872070e-01
8.996332883834838867e-01
9.081632494926452637e-01
9.002710580825805664e-01
8.882334232330322266e-01
8.878348469734191895e-01
8.905453085899353027e-01
8.922991156578063965e-01
9.005101919174194336e-01
8.866390585899353027e-01
8.891900777816772461e-01
8.829719424247741699e-01
8.735650777816772461e-01
8.754783272743225098e-01
8.739636540412902832e-01
8.808992505073547363e-01
8.556281924247741699e-01
8.594546914100646973e-01
8.624840378761291504e-01
8.673469424247741699e-01
8.415975570678710938e-01
8.377710580825805664e-01
8.310745954513549805e-01
8.176020383834838867e-01
8.211097121238708496e-01
8.063616156578063965e-01
8.018175959587097168e-01
7.899394035339355469e-01
7.825255393981933594e-01
7.830038070678710938e-01
7.790975570678710938e-01
7.774234414100646973e-01
7.727997303009033203e-01
7.713648080825805664e-01
7.736766338348388672e-01
7.741549611091613770e-01
7.587691545486450195e-01
0.000000000000000000e+00
