-4.084427654743194580e-01
-2.720349073410034180e+00
-6.346789360046386719e+00
-1.221860122680664062e+01
-2.042587661743164062e+01
-3.137083435058593750e+01
-4.593988418579101562e+01
-6.498899078369140625e+01
-9.035707855224609375e+01
-1.222289276123046875e+02
-1.569507446289062500e+02
-2.069473876953125000e+02
-2.655197448730468750e+02
-3.351024475097656250e+02
-4.200991821289062500e+02
-5.329796752929687500e+02
-6.530549316406250000e+02
-7.948408203125000000e+02
-1.024907226562500000e+03
-1.280702636718750000e+03
-1.532289550781250000e+03
-1.938084960937500000e+03
-2.383978515625000000e+03
-2.932869628906250000e+03
-3.561953125000000000e+03
-4.279635742187500000e+03
-5.111923339843750000e+03
-6.026927734375000000e+03
-7.484250000000000000e+03
-8.679433593750000000e+03
-9.847125976562500000e+03
-1.223724804687500000e+04
-1.450342480468750000e+04
-1.832154296875000000e+04
-2.023842578125000000e+04
-2.497809570312500000e+04
-2.725399609375000000e+04
-3.270086914062500000e+04
-3.622132031250000000e+04
-4.305710937500000000e+04
-5.215492968750000000e+04
-5.916528125000000000e+04
-7.001620312500000000e+04
-8.302334375000000000e+04
-8.834712500000000000e+04
-1.051998125000000000e+05
-1.208675625000000000e+05
-1.604603125000000000e+05
-1.597575312500000000e+05
-2.031717500000000000e+05
-2.011000937500000000e+05
-1.927290000000000000e+05
-2.549641250000000000e+05
-3.005932187500000000e+05
-3.511969687500000000e+05
-3.745868125000000000e+05
-3.978546250000000000e+05
-4.463158125000000000e+05
-5.158781875000000000e+05
-5.364910000000000000e+05
0.000000000000000000e+00
