2.654804992675781250e+01
4.631572055816650391e+01
4.629368329048156738e+01
4.631407141685485840e+01
4.634957242012023926e+01
4.629649996757507324e+01
4.630204439163208008e+01
4.629666113853454590e+01
4.629375529289245605e+01
4.629469227790832520e+01
4.629915428161621094e+01
4.629374337196350098e+01
4.629243898391723633e+01
4.630830740928649902e+01
4.629125857353210449e+01
4.630385613441467285e+01
4.629592967033386230e+01
4.630387663841247559e+01
4.629183506965637207e+01
4.630458450317382812e+01
4.631033802032470703e+01
4.631890773773193359e+01
4.636136865615844727e+01
4.631385040283203125e+01
4.631847929954528809e+01
4.630446839332580566e+01
4.630650353431701660e+01
4.630821204185485840e+01
4.632411766052246094e+01
4.631406164169311523e+01
4.632699084281921387e+01
4.632243704795837402e+01
4.635506892204284668e+01
4.631233358383178711e+01
4.632838702201843262e+01
4.633108162879943848e+01
4.633659696578979492e+01
4.631356167793273926e+01
4.632260155677795410e+01
4.632702636718750000e+01
4.632889127731323242e+01
4.632474732398986816e+01
4.632938766479492188e+01
4.632621431350708008e+01
4.633613133430480957e+01
4.633357810974121094e+01
4.632655405998229980e+01
4.633498287200927734e+01
4.632553744316101074e+01
4.632241582870483398e+01
4.632643461227416992e+01
4.630484223365783691e+01
4.632000303268432617e+01
4.631264948844909668e+01
4.632558083534240723e+01
4.631773757934570312e+01
4.632352137565612793e+01
4.632550072669982910e+01
4.632001185417175293e+01
4.637131500244140625e+01
0.000000000000000000e+00
