9.248171746730804443e-02
-2.744233322143554688e+01
-6.321251678466796875e+01
-9.040609741210937500e+01
-1.114381561279296875e+02
4.754168319702148438e+01
7.816899108886718750e+01
-1.358262634277343750e+01
-9.414984893798828125e+01
-1.125831451416015625e+02
-1.030325164794921875e+02
-8.443601226806640625e+01
-9.981295776367187500e+01
-7.172238159179687500e+01
-7.357521057128906250e+01
-5.180594253540039062e+01
-4.230536651611328125e+01
-4.599881744384765625e+01
-4.358376312255859375e+01
-6.292707824707031250e+01
-4.387696838378906250e+01
-3.461763763427734375e+01
-4.128800201416015625e+01
-3.946279525756835938e+01
-3.240190887451171875e+01
-3.229804992675781250e+01
-2.984297370910644531e+01
-3.331947708129882812e+01
-3.525465393066406250e+01
-3.093258285522460938e+01
-7.614422607421875000e+01
-3.261045837402343750e+01
-3.414908218383789062e+01
-1.350332641601562500e+02
-9.958837890625000000e+01
-9.209739685058593750e+01
-8.463702392578125000e+01
-8.834751892089843750e+01
-4.801685714721679688e+01
-8.918843078613281250e+01
-7.801821899414062500e+01
-2.471815681457519531e+01
-8.567288208007812500e+01
-2.238769531250000000e+01
-3.278516387939453125e+01
-7.700570678710937500e+01
-8.111087799072265625e+01
-8.916624450683593750e+01
-1.044530487060546875e+02
-1.085685958862304688e+02
-4.514863586425781250e+01
-9.372735595703125000e+01
-6.134031677246093750e+01
-4.164900207519531250e+01
-3.479167938232421875e+01
-3.110765647888183594e+01
-8.302935791015625000e+01
-9.233500671386718750e+01
-3.120970726013183594e+01
-3.027953529357910156e+01
0.000000000000000000e+00
