6.724330186843872070e-01
8.591358661651611328e-01
8.866390585899353027e-01
8.864796161651611328e-01
8.815369606018066406e-01
8.899872303009033203e-01
9.070472121238708496e-01
8.968431353569030762e-01
8.949298262596130371e-01
9.154974222183227539e-01
9.099968075752258301e-01
9.031409621238708496e-01
9.144610762596130371e-01
9.065688848495483398e-01
9.162946343421936035e-01
9.064094424247741699e-01
9.112723469734191895e-01
9.101562500000000000e-01
9.011479616165161133e-01
9.038584232330322266e-01
9.113520383834838867e-01
9.205197691917419434e-01
9.087213277816772461e-01
9.159757494926452637e-01
9.217155575752258301e-01
9.068080186843872070e-01
9.109534621238708496e-01
9.116709232330322266e-01
8.258928656578063965e-01
7.912946343421936035e-01
8.604113459587097168e-01
8.875956535339355469e-01
9.080038070678710938e-01
9.088010191917419434e-01
9.086415767669677734e-01
9.127072691917419434e-01
9.080038070678710938e-01
9.123883843421936035e-01
9.062500000000000000e-01
9.154974222183227539e-01
9.001116156578063965e-01
9.050542116165161133e-01
9.125478267669677734e-01
9.082430005073547363e-01
9.175701737403869629e-01
9.103156924247741699e-01
9.107142686843872070e-01
9.068877696990966797e-01
9.167729616165161133e-01
9.153380393981933594e-01
9.228316545486450195e-01
8.965242505073547363e-01
9.127072691917419434e-01
9.202806353569030762e-01
9.297671914100646973e-01
9.193239808082580566e-01
9.017857313156127930e-01
9.064891338348388672e-01
9.116709232330322266e-01
9.202806353569030762e-01
0.000000000000000000e+00
