-3.851424902677536011e-02
2.639537429809570312e+01
6.533993530273437500e+01
1.028735046386718750e+02
1.370057525634765625e+02
-9.428443908691406250e+00
-1.363260498046875000e+02
-1.567645568847656250e+02
-7.617290496826171875e+01
-3.280760192871093750e+01
-2.214487457275390625e+01
-3.444277191162109375e+01
1.223469543457031250e+01
-9.552345275878906250e+00
1.025894927978515625e+01
-1.055010223388671875e+01
-1.604540634155273438e+01
-8.501163482666015625e+00
-1.409455490112304688e+01
1.182136154174804688e+01
-1.473159790039062500e+00
-9.252319335937500000e-01
1.433898925781250000e+00
5.287902832031250000e+00
4.448343276977539062e+00
1.729496002197265625e+00
1.241409301757812500e+00
6.055572509765625000e+00
8.011692047119140625e+00
-2.255737304687500000e+00
4.585816955566406250e+01
-7.231903076171875000e-02
-9.055130004882812500e+00
7.513502502441406250e+01
3.241418457031250000e+01
3.938018798828125000e+00
-7.380973815917968750e+00
2.180023193359375000e+00
-5.208867263793945312e+01
3.148963928222656250e+01
1.969220733642578125e+01
-2.823358726501464844e+01
3.838513183593750000e+01
-5.364466094970703125e+01
-3.796074676513671875e+01
9.330238342285156250e+00
2.556909179687500000e+01
7.189971923828125000e+00
1.483583831787109375e+01
1.356192016601562500e+01
-3.748236083984375000e+01
-1.438010406494140625e+01
-2.383872985839843750e+01
-3.171921539306640625e+01
-2.797357559204101562e+01
-3.186402320861816406e+01
1.880854797363281250e+01
1.993859100341796875e+01
-3.220171356201171875e+01
-2.043957710266113281e+01
0.000000000000000000e+00
