5.396746844053268433e-02
-1.046958923339843750e+00
2.127419471740722656e+00
1.246741104125976562e+01
2.556759643554687500e+01
3.811323928833007812e+01
-5.815705871582031250e+01
-1.703471832275390625e+02
-1.703227539062500000e+02
-1.453907470703125000e+02
-1.251773910522460938e+02
-1.188787841796875000e+02
-8.757826232910156250e+01
-8.127472686767578125e+01
-6.331626129150390625e+01
-6.235604476928710938e+01
-5.835077285766601562e+01
-5.449998092651367188e+01
-5.767831802368164062e+01
-5.110571670532226562e+01
-4.535012817382812500e+01
-3.554286956787109375e+01
-3.985410308837890625e+01
-3.417489242553710938e+01
-2.795356559753417969e+01
-3.056855392456054688e+01
-2.860156440734863281e+01
-2.726390457153320312e+01
-2.724296188354492188e+01
-3.318832015991210938e+01
-3.028605651855468750e+01
-3.268277740478515625e+01
-4.320421218872070312e+01
-5.989823532104492188e+01
-6.717419433593750000e+01
-8.815937805175781250e+01
-9.201799774169921875e+01
-8.616749572753906250e+01
-1.001055297851562500e+02
-5.769879150390625000e+01
-5.832601165771484375e+01
-5.295174407958984375e+01
-4.728775024414062500e+01
-7.603235626220703125e+01
-7.074591064453125000e+01
-6.767546844482421875e+01
-5.554178619384765625e+01
-8.197627258300781250e+01
-8.961721038818359375e+01
-9.500667572021484375e+01
-8.263099670410156250e+01
-1.081074600219726562e+02
-8.517904663085937500e+01
-7.336821746826171875e+01
-6.276525497436523438e+01
-6.297167968750000000e+01
-6.422080993652343750e+01
-7.239641571044921875e+01
-6.341141891479492188e+01
-5.071911239624023438e+01
0.000000000000000000e+00
