5.434273681640625000e+02
4.547861633300781250e+02
4.022559509277343750e+02
3.763124694824218750e+02
3.323039855957031250e+02
3.061199951171875000e+02
2.851254577636718750e+02
2.849779052734375000e+02
2.722696533203125000e+02
2.278942565917968750e+02
1.687976684570312500e+02
2.350286560058593750e+02
1.709311828613281250e+02
2.076564025878906250e+02
2.296930999755859375e+02
2.030891723632812500e+02
1.841520996093750000e+02
2.046818847656250000e+02
2.038525238037109375e+02
8.566432952880859375e+01
1.056633987426757812e+02
1.095918197631835938e+02
9.759603881835937500e+01
1.453631591796875000e+02
1.622206420898437500e+02
1.927870941162109375e+02
1.580514831542968750e+02
9.916564178466796875e+01
5.272034072875976562e+01
2.122718989849090576e-01
-3.412718963623046875e+01
9.522270965576171875e+01
6.778936004638671875e+01
1.194613342285156250e+02
1.429318389892578125e+02
1.425591735839843750e+02
1.616343231201171875e+02
2.974065589904785156e+01
1.947364807128906250e+02
3.456543731689453125e+01
9.264244842529296875e+01
9.387325286865234375e+01
1.099460220336914062e+02
1.247727584838867188e+02
1.027359161376953125e+02
1.637996520996093750e+02
1.456892089843750000e+02
8.320579528808593750e+01
1.497378845214843750e+02
1.855809478759765625e+02
1.796070098876953125e+02
1.434288940429687500e+02
1.681572875976562500e+02
4.498180389404296875e+01
1.560495452880859375e+02
-3.843057250976562500e+01
1.064394760131835938e+02
1.199041595458984375e+02
8.004515838623046875e+01
-2.343671226501464844e+01
0.000000000000000000e+00
