5.439049072265625000e+02
5.153973388671875000e+02
4.664002990722656250e+02
3.951310119628906250e+02
3.329841613769531250e+02
3.293368530273437500e+02
2.640616760253906250e+02
1.816282348632812500e+02
9.050825500488281250e+01
7.460217285156250000e+01
7.537743377685546875e+01
8.799604034423828125e+01
9.803334045410156250e+01
9.889155578613281250e+01
1.191109161376953125e+02
1.242580490112304688e+02
1.271358184814453125e+02
1.260424270629882812e+02
1.315476684570312500e+02
1.392417144775390625e+02
1.314952087402343750e+02
1.336540985107421875e+02
1.531960144042968750e+02
1.405797576904296875e+02
1.271118316650390625e+02
1.350002288818359375e+02
1.526375732421875000e+02
1.321228790283203125e+02
1.260930175781250000e+02
1.394526977539062500e+02
1.332969360351562500e+02
1.635188598632812500e+02
1.335377960205078125e+02
1.452997283935546875e+02
1.412748718261718750e+02
1.334506683349609375e+02
1.337938537597656250e+02
4.751360168457031250e+02
1.095555114746093750e+02
3.879065246582031250e+02
8.948824310302734375e+01
2.716018981933593750e+02
7.134806823730468750e+01
1.517809448242187500e+02
1.239870071411132812e+02
4.542227935791015625e+01
4.813393020629882812e+01
1.329622650146484375e+02
6.105072021484375000e+01
1.197779159545898438e+02
1.267392883300781250e+02
8.617508697509765625e+01
8.236273193359375000e+01
1.751172027587890625e+02
1.580712585449218750e+02
6.358361434936523438e+01
1.300554809570312500e+02
1.210308990478515625e+02
8.926870727539062500e+01
4.626810455322265625e+01
0.000000000000000000e+00
