5.434520263671875000e+02
5.414171752929687500e+02
5.387313232421875000e+02
5.340357055664062500e+02
5.268458251953125000e+02
5.168359985351562500e+02
5.022502136230468750e+02
4.826108398437500000e+02
4.551641235351562500e+02
4.248480834960937500e+02
3.791441650390625000e+02
3.223779296875000000e+02
2.614601440429687500e+02
2.047561492919921875e+02
1.460138092041015625e+02
8.485604858398437500e+01
3.386636734008789062e+01
-3.302653503417968750e+01
-9.763418579101562500e+01
-6.560794067382812500e+01
2.084894180297851562e+01
-1.818396186828613281e+01
-5.491650772094726562e+01
1.411962413787841797e+01
1.316068840026855469e+01
3.047659683227539062e+01
5.393848419189453125e+01
-2.276668167114257812e+01
3.023488426208496094e+01
8.380769348144531250e+01
-7.393550872802734375e+00
5.429526138305664062e+01
2.302087020874023438e+01
-2.124732208251953125e+01
4.848359680175781250e+01
-3.088334655761718750e+01
8.745729827880859375e+01
6.405921173095703125e+01
5.326015090942382812e+01
8.504072570800781250e+01
-8.764274597167968750e+00
-5.825148010253906250e+01
-3.196096801757812500e+01
3.434197616577148438e+01
7.510034179687500000e+01
2.464225769042968750e+01
-2.986524963378906250e+01
-1.863963317871093750e+01
-2.756736755371093750e+01
8.622634887695312500e+00
5.321593856811523438e+01
7.365369415283203125e+01
2.920089721679687500e+01
-1.636250305175781250e+01
6.069183349609375000e-01
-1.146533203125000000e+01
6.442932128906250000e+00
1.065917205810546875e+01
4.865483856201171875e+01
5.935092163085937500e+01
0.000000000000000000e+00
