6.482780575752258301e-01
7.465720772743225098e-01
8.443877696990966797e-01
8.788265585899353027e-01
8.888711929321289062e-01
9.103156924247741699e-01
9.064094424247741699e-01
9.169324040412902832e-01
9.015465378761291504e-01
9.166932106018066406e-01
9.052136540412902832e-01
9.108737111091613770e-01
9.244260191917419434e-01
9.217155575752258301e-01
9.098373651504516602e-01
9.136639237403869629e-01
9.186065196990966797e-01
9.188456535339355469e-01
9.107940196990966797e-01
9.111925959587097168e-01
9.338328838348388672e-01
9.341517686843872070e-01
9.369419813156127930e-01
9.213169813156127930e-01
9.157366156578063965e-01
9.071269035339355469e-01
8.970822691917419434e-01
9.045758843421936035e-01
8.943718075752258301e-01
8.800223469734191895e-01
8.943718075752258301e-01
8.889508843421936035e-01
8.845663070678710938e-01
8.741230964660644531e-01
8.734056353569030762e-01
8.702965378761291504e-01
8.553093075752258301e-01
8.629623651504516602e-01
8.632812500000000000e-01
8.550701737403869629e-01
8.655931353569030762e-01
8.762755393981933594e-01
8.718112111091613770e-01
8.577008843421936035e-01
8.379305005073547363e-01
8.599330186843872070e-01
8.730867505073547363e-01
8.742825388908386230e-01
8.573819994926452637e-01
8.629623651504516602e-01
8.394451737403869629e-01
8.404815196990966797e-01
8.399234414100646973e-01
8.587372303009033203e-01
8.647959232330322266e-01
8.582589030265808105e-01
8.478156924247741699e-01
8.541932106018066406e-01
8.389668464660644531e-01
8.431919813156127930e-01
0.000000000000000000e+00
