6.535395383834838867e-01
8.631218075752258301e-01
8.884725570678710938e-01
8.871173262596130371e-01
8.820152878761291504e-01
8.777104616165161133e-01
8.910235762596130371e-01
9.046556353569030762e-01
9.065688848495483398e-01
9.105548262596130371e-01
9.183673262596130371e-01
9.051339030265808105e-01
9.076849222183227539e-01
9.068877696990966797e-01
9.104751348495483398e-01
9.046556353569030762e-01
9.115114808082580566e-01
9.093590378761291504e-01
9.147002696990966797e-01
9.112723469734191895e-01
9.148597121238708496e-01
9.084821343421936035e-01
9.038584232330322266e-01
9.016262888908386230e-01
9.065688848495483398e-01
9.180484414100646973e-01
9.005899429321289062e-01
9.064891338348388672e-01
9.098373651504516602e-01
9.074457883834838867e-01
9.131855964660644531e-01
8.997130393981933594e-01
9.167729616165161133e-01
9.111129045486450195e-01
9.100765585899353027e-01
9.119100570678710938e-01
8.951690196990966797e-01
8.514030575752258301e-01
8.604910969734191895e-01
8.628029227256774902e-01
9.053730964660644531e-01
8.901466727256774902e-01
8.872767686843872070e-01
8.966836929321289062e-01
8.982780575752258301e-01
9.265784621238708496e-01
9.061703085899353027e-01
8.928571343421936035e-01
9.079241156578063965e-01
8.990752696990966797e-01
9.025031924247741699e-01
9.064094424247741699e-01
9.052933454513549805e-01
8.979591727256774902e-01
8.942921161651611328e-01
9.033004045486450195e-01
9.075255393981933594e-01
9.062500000000000000e-01
9.099171161651611328e-01
9.074457883834838867e-01
0.000000000000000000e+00
