2.970884227752685547e+01
5.183498501777648926e+01
5.183325743675231934e+01
5.180375623703002930e+01
5.179921984672546387e+01
5.179666376113891602e+01
5.179865884780883789e+01
5.178236961364746094e+01
5.177818846702575684e+01
5.178117513656616211e+01
5.177261805534362793e+01
5.175914764404296875e+01
5.175319957733154297e+01
5.177197194099426270e+01
5.176662945747375488e+01
5.175215339660644531e+01
5.175118923187255859e+01
5.175579333305358887e+01
5.176979446411132812e+01
5.179402995109558105e+01
5.176344180107116699e+01
5.176921248435974121e+01
5.175625610351562500e+01
5.176380205154418945e+01
5.173153209686279297e+01
5.172095537185668945e+01
5.172503495216369629e+01
5.171546602249145508e+01
5.171167516708374023e+01
5.170314764976501465e+01
5.169368910789489746e+01
5.170679688453674316e+01
5.171396303176879883e+01
5.171894311904907227e+01
5.172416591644287109e+01
5.172598958015441895e+01
5.172916293144226074e+01
5.172816753387451172e+01
5.173102426528930664e+01
5.172260260581970215e+01
5.172824931144714355e+01
5.173301148414611816e+01
5.174053907394409180e+01
5.174020910263061523e+01
5.171940350532531738e+01
5.173483133316040039e+01
5.174102044105529785e+01
5.173780035972595215e+01
5.173128175735473633e+01
5.172181892395019531e+01
5.171403288841247559e+01
5.171948623657226562e+01
5.171498250961303711e+01
5.171216917037963867e+01
5.170985627174377441e+01
5.171700882911682129e+01
5.172154450416564941e+01
5.171694517135620117e+01
5.172330260276794434e+01
5.174851942062377930e+01
0.000000000000000000e+00
