-5.434273681640625000e+02
-4.581526489257812500e+02
-4.075664978027343750e+02
-3.831511230468750000e+02
-3.404340820312500000e+02
-3.161057739257812500e+02
-2.929878845214843750e+02
-2.999034423828125000e+02
-2.819163513183593750e+02
-2.409073791503906250e+02
-1.827330627441406250e+02
-2.535304870605468750e+02
-1.907826843261718750e+02
-2.275848846435546875e+02
-2.463601531982421875e+02
-2.371677246093750000e+02
-2.043292236328125000e+02
-2.249033050537109375e+02
-2.274602355957031250e+02
-1.031974182128906250e+02
-1.313998718261718750e+02
-1.313572387695312500e+02
-1.136858367919921875e+02
-1.707322540283203125e+02
-1.967903594970703125e+02
-2.192525329589843750e+02
-1.833611297607421875e+02
-1.166135025024414062e+02
-7.514331054687500000e+01
-3.204219055175781250e+01
-3.526459121704101562e+01
-1.212125854492187500e+02
-1.019213943481445312e+02
-1.430193939208984375e+02
-1.723380279541015625e+02
-1.708570861816406250e+02
-1.901336059570312500e+02
-5.384384536743164062e+01
-2.261825561523437500e+02
-6.721888732910156250e+01
-1.178688049316406250e+02
-1.190472564697265625e+02
-1.450758209228515625e+02
-1.708605499267578125e+02
-1.382481994628906250e+02
-1.925972900390625000e+02
-1.885447845458984375e+02
-1.253877716064453125e+02
-1.835693359375000000e+02
-2.184466247558593750e+02
-2.160185699462890625e+02
-1.769680480957031250e+02
-2.087956237792968750e+02
-8.324017333984375000e+01
-1.806172637939453125e+02
-3.755870056152343750e+01
-1.349189758300781250e+02
-1.410310668945312500e+02
-1.076056671142578125e+02
-5.056777954101562500e+01
0.000000000000000000e+00
