-5.434127197265625000e+02
-5.421467895507812500e+02
-5.408468017578125000e+02
-5.383434448242187500e+02
-5.353491821289062500e+02
-5.297542114257812500e+02
-5.244357299804687500e+02
-5.134098510742187500e+02
-5.037949829101562500e+02
-4.879485778808593750e+02
-4.665216674804687500e+02
-4.391070861816406250e+02
-3.966233215332031250e+02
-3.689288940429687500e+02
-3.660261840820312500e+02
-3.208812255859375000e+02
-2.569218139648437500e+02
-2.261928253173828125e+02
-1.952045288085937500e+02
-2.090157318115234375e+02
-1.392083129882812500e+02
-1.143402709960937500e+02
-1.336074829101562500e+02
-1.236963806152343750e+02
-9.769380187988281250e+01
-9.903945922851562500e+01
-1.045502014160156250e+02
-1.141538619995117188e+02
-9.397616577148437500e+01
-1.191751632690429688e+02
-8.085929870605468750e+01
-7.853642272949218750e+01
-6.420863342285156250e+01
-4.160835266113281250e+01
-4.089265823364257812e+01
-5.070772552490234375e+01
-3.744350433349609375e+01
-2.469708251953125000e+01
-2.484420013427734375e+01
-1.694573974609375000e+01
-2.707474517822265625e+01
-3.297645568847656250e+01
-2.557816314697265625e+01
-2.100923156738281250e+01
-2.031116485595703125e+01
-2.193099975585937500e+01
-2.274984741210937500e+01
-1.440018463134765625e+01
-1.419256591796875000e+01
-1.189254760742187500e+01
-1.111061859130859375e+01
-1.550908660888671875e+01
-8.296035766601562500e+00
-9.930793762207031250e+00
-1.356423950195312500e+01
-9.194290161132812500e+00
-8.123817443847656250e+00
-1.170726013183593750e+01
-7.142059326171875000e+00
-1.042165374755859375e+01
0.000000000000000000e+00
