2.772583007812500000e+00
6.310729980468750000e-01
7.461242675781250000e-01
6.419067382812500000e-01
1.249359130859375000e+00
2.536315917968750000e-01
7.452697753906250000e-01
8.320312500000000000e-01
1.540863037109375000e+00
8.382873535156250000e-01
1.033523559570312500e+00
-8.302459716796875000e-01
6.568298339843750000e-01
2.157287597656250000e-01
-5.267333984375000000e-02
-1.981796264648437500e+00
-4.008697509765625000e+00
-1.418334960937500000e+00
2.386322021484375000e-01
1.510177612304687500e+00
1.461845397949218750e+00
5.412826538085937500e-01
1.003082275390625000e+00
-1.262512207031250000e-01
-8.193359375000000000e-01
-9.190979003906250000e-01
1.525924682617187500e+00
-1.362197875976562500e+00
1.377922058105468750e+00
-9.870984554290771484e-01
9.926187992095947266e-01
-2.439117431640625000e-02
6.940536499023437500e-01
2.982635498046875000e-01
8.632659912109375000e-01
1.182937622070312500e+00
-1.706420898437500000e+00
1.504289627075195312e+00
-9.320373535156250000e-01
1.696960449218750000e+00
-6.892700195312500000e-01
3.048393249511718750e+00
3.534927368164062500e-01
-3.980934143066406250e+00
1.706283569335937500e+00
1.393966674804687500e+00
1.190444946289062500e+00
2.460754394531250000e+00
2.395019531250000000e+00
1.010574340820312500e+00
9.669342041015625000e-01
3.988601684570312500e+00
3.150238037109375000e+00
3.175582885742187500e+00
1.306472778320312500e+00
6.175022125244140625e-01
1.879669189453125000e+00
1.578422546386718750e+00
3.416755676269531250e+00
1.277800440788269043e+00
0.000000000000000000e+00
