2.693975949287414551e+01
4.710139608383178711e+01
4.707746887207031250e+01
4.707579588890075684e+01
4.706921887397766113e+01
4.705724263191223145e+01
4.705411338806152344e+01
4.706762671470642090e+01
4.708482742309570312e+01
4.705478405952453613e+01
4.709305167198181152e+01
4.706266856193542480e+01
4.706514477729797363e+01
4.705569982528686523e+01
4.705287933349609375e+01
4.707675051689147949e+01
4.709271907806396484e+01
4.707667779922485352e+01
4.706872272491455078e+01
4.706441307067871094e+01
4.706015706062316895e+01
4.706567859649658203e+01
4.704690980911254883e+01
4.707163214683532715e+01
4.706563043594360352e+01
4.705553555488586426e+01
4.706756663322448730e+01
4.708832550048828125e+01
4.707788014411926270e+01
4.705601572990417480e+01
4.706783294677734375e+01
4.704717087745666504e+01
4.705042481422424316e+01
4.705355119705200195e+01
4.708220648765563965e+01
4.711304616928100586e+01
4.705948019027709961e+01
4.706495404243469238e+01
0.000000000000000000e+00
0.000000000000000000e+00
0.000000000000000000e+00
0.000000000000000000e+00
0.000000000000000000e+00
0.000000000000000000e+00
0.000000000000000000e+00
0.000000000000000000e+00
0.000000000000000000e+00
0.000000000000000000e+00
0.000000000000000000e+00
0.000000000000000000e+00
0.000000000000000000e+00
0.000000000000000000e+00
0.000000000000000000e+00
0.000000000000000000e+00
0.000000000000000000e+00
0.000000000000000000e+00
0.000000000000000000e+00
0.000000000000000000e+00
0.000000000000000000e+00
0.000000000000000000e+00
0.000000000000000000e+00
