5.797991156578063965e-01
9.065688848495483398e-01
9.060108661651611328e-01
9.023437500000000000e-01
9.013870954513549805e-01
9.029815196990966797e-01
9.163743853569030762e-01
9.109534621238708496e-01
9.116709232330322266e-01
9.135044813156127930e-01
9.143016338348388672e-01
9.133450388908386230e-01
9.071269035339355469e-01
9.154974222183227539e-01
9.181281924247741699e-01
9.056122303009033203e-01
9.139828085899353027e-01
9.103156924247741699e-01
9.152582883834838867e-01
9.208386540412902832e-01
9.141421914100646973e-01
9.176498651504516602e-01
9.217155575752258301e-01
9.193239808082580566e-01
9.078443646430969238e-01
9.186065196990966797e-01
9.147799611091613770e-01
9.220344424247741699e-01
9.219546914100646973e-01
9.141421914100646973e-01
9.112723469734191895e-01
9.188456535339355469e-01
9.101562500000000000e-01
9.221938848495483398e-01
9.174107313156127930e-01
9.219546914100646973e-01
9.200414419174194336e-01
9.186862111091613770e-01
9.197225570678710938e-01
9.152582883834838867e-01
9.205197691917419434e-01
9.178890585899353027e-01
9.160555005073547363e-01
9.068877696990966797e-01
9.119100570678710938e-01
9.178093075752258301e-01
9.122289419174194336e-01
9.119898080825805664e-01
9.187659621238708496e-01
9.164540767669677734e-01
9.153380393981933594e-01
9.183673262596130371e-01
9.143813848495483398e-01
9.116709232330322266e-01
9.212372303009033203e-01
9.133450388908386230e-01
9.208386540412902832e-01
9.195631146430969238e-01
9.206792116165161133e-01
9.047353267669677734e-01
0.000000000000000000e+00
