1.156275367736816406e+01
2.023050737380981445e+01
2.018625378608703613e+01
2.019482278823852539e+01
2.019741320610046387e+01
2.019399905204772949e+01
2.017653656005859375e+01
2.019038867950439453e+01
2.017773771286010742e+01
2.019889402389526367e+01
2.018593478202819824e+01
2.021496462821960449e+01
2.019526767730712891e+01
2.020078897476196289e+01
2.019120216369628906e+01
2.018319249153137207e+01
2.015869569778442383e+01
2.016539001464843750e+01
2.014283418655395508e+01
2.015414929389953613e+01
2.015769362449645996e+01
2.015714669227600098e+01
2.015768861770629883e+01
2.016695666313171387e+01
2.014358067512512207e+01
2.015145373344421387e+01
2.014659261703491211e+01
2.016655874252319336e+01
2.014970684051513672e+01
2.015415334701538086e+01
2.014867925643920898e+01
2.015256404876708984e+01
2.017909836769104004e+01
2.015798830986022949e+01
2.019733619689941406e+01
2.014673614501953125e+01
2.014628124237060547e+01
2.014170980453491211e+01
2.014727902412414551e+01
2.015840816497802734e+01
2.017342209815979004e+01
2.017253351211547852e+01
2.015227484703063965e+01
2.014877200126647949e+01
2.014460849761962891e+01
2.014307260513305664e+01
2.015955424308776855e+01
2.014566087722778320e+01
2.014408302307128906e+01
2.015321135520935059e+01
2.016734576225280762e+01
2.014069080352783203e+01
2.014699554443359375e+01
2.013229489326477051e+01
2.014346909523010254e+01
2.013624978065490723e+01
2.013607239723205566e+01
2.013947725296020508e+01
2.013401889801025391e+01
2.013959717750549316e+01
0.000000000000000000e+00
