-5.435266723632812500e+02
-5.152788696289062500e+02
-4.622169494628906250e+02
-3.808318481445312500e+02
-2.975206909179687500e+02
-2.534872283935546875e+02
-2.580046691894531250e+02
-2.507709350585937500e+02
-2.301721343994140625e+02
-2.156455993652343750e+02
-2.137775878906250000e+02
-2.233399047851562500e+02
-2.057872619628906250e+02
-1.951211242675781250e+02
-1.987747802734375000e+02
-2.015226745605468750e+02
-2.206230773925781250e+02
-1.924557495117187500e+02
-1.974903106689453125e+02
-1.915086975097656250e+02
-1.857905883789062500e+02
-2.001026458740234375e+02
-1.912371673583984375e+02
-2.026164855957031250e+02
-1.856689453125000000e+02
-1.811475830078125000e+02
-1.837369995117187500e+02
-1.814096069335937500e+02
-1.803912048339843750e+02
-1.845339202880859375e+02
-2.471105804443359375e+02
-1.657924041748046875e+02
-1.607774200439453125e+02
-1.750797424316406250e+02
-1.856922912597656250e+02
-3.519825134277343750e+02
-1.521241149902343750e+02
-1.496996459960937500e+02
0.000000000000000000e+00
0.000000000000000000e+00
0.000000000000000000e+00
0.000000000000000000e+00
0.000000000000000000e+00
0.000000000000000000e+00
0.000000000000000000e+00
0.000000000000000000e+00
0.000000000000000000e+00
0.000000000000000000e+00
0.000000000000000000e+00
0.000000000000000000e+00
0.000000000000000000e+00
0.000000000000000000e+00
0.000000000000000000e+00
0.000000000000000000e+00
0.000000000000000000e+00
0.000000000000000000e+00
0.000000000000000000e+00
0.000000000000000000e+00
0.000000000000000000e+00
0.000000000000000000e+00
0.000000000000000000e+00
