2.815734863281250000e+00
2.073913574218750000e+00
8.671875000000000000e-01
-7.948608398437500000e-01
-2.763977050781250000e+00
-7.472534179687500000e+00
-9.623687744140625000e+00
-1.966104125976562500e+01
-2.931533813476562500e+01
-3.056079101562500000e+01
-3.860284423828125000e+01
-5.667114257812500000e+01
-5.236993408203125000e+01
-5.662100219726562500e+01
-7.051504516601562500e+01
-1.202228164672851562e+02
-1.079318771362304688e+02
-1.022613983154296875e+02
-1.324842681884765625e+02
-2.216258239746093750e+01
-9.027843475341796875e-01
-3.620879364013671875e+01
9.172561645507812500e+00
2.741325569152832031e+01
3.426148605346679688e+01
3.637961578369140625e+01
4.280980682373046875e+01
4.025678253173828125e+01
4.511311721801757812e+01
5.446759796142578125e+01
5.130456161499023438e+01
6.132886123657226562e+01
6.781831359863281250e+01
5.855735778808593750e+01
8.495930480957031250e+01
7.875058746337890625e+01
8.040573120117187500e+01
8.325373077392578125e+01
9.155207824707031250e+01
8.210005950927734375e+01
9.286692047119140625e+01
9.224346923828125000e+01
9.285935211181640625e+01
9.245780181884765625e+01
9.297383117675781250e+01
8.776081085205078125e+01
9.795280456542968750e+01
8.248723602294921875e+01
9.077556610107421875e+01
9.548760986328125000e+01
8.976929473876953125e+01
8.448994445800781250e+01
8.720368957519531250e+01
8.830176544189453125e+01
8.370973205566406250e+01
8.122090911865234375e+01
8.177758026123046875e+01
8.187960052490234375e+01
7.961312103271484375e+01
7.833123016357421875e+01
0.000000000000000000e+00
