2.995910644531250000e+00
2.758453369140625000e+00
1.586587524414062500e+01
4.171487426757812500e+01
6.908956909179687500e+01
1.003103179931640625e+02
7.941070556640625000e+01
1.281703186035156250e+01
-6.112820434570312500e+01
-5.714576721191406250e+01
-6.420508575439453125e+01
-8.469854736328125000e+01
-5.313076019287109375e+01
-4.879727172851562500e+01
-3.714437103271484375e+01
-1.947879791259765625e+01
-3.150598144531250000e+01
-8.067687988281250000e+00
-1.989512634277343750e+01
-3.809677124023437500e+00
-1.196731567382812500e+00
-1.543563842773437500e+01
-1.598556518554687500e+00
-1.811389160156250000e+01
-8.317733764648437500e+00
-1.345840454101562500e+00
8.357208251953125000e+00
9.191558837890625000e+00
-9.124511718750000000e+00
-1.681393432617187500e+01
-3.325074768066406250e+01
4.700309753417968750e+00
6.965217590332031250e+00
-3.697067260742187500e+00
-2.183920288085937500e+01
-2.862542724609375000e+01
1.843997192382812500e+01
-4.062690734863281250e+00
0.000000000000000000e+00
0.000000000000000000e+00
0.000000000000000000e+00
0.000000000000000000e+00
0.000000000000000000e+00
0.000000000000000000e+00
0.000000000000000000e+00
0.000000000000000000e+00
0.000000000000000000e+00
0.000000000000000000e+00
0.000000000000000000e+00
0.000000000000000000e+00
0.000000000000000000e+00
0.000000000000000000e+00
0.000000000000000000e+00
0.000000000000000000e+00
0.000000000000000000e+00
0.000000000000000000e+00
0.000000000000000000e+00
0.000000000000000000e+00
0.000000000000000000e+00
0.000000000000000000e+00
0.000000000000000000e+00
