-2.103243559758993797e-06
5.134741210937500000e+01
9.758556365966796875e+01
1.373233795166015625e+02
1.831600799560546875e+02
2.147365570068359375e+02
2.296851196289062500e+02
2.751204223632812500e+02
2.602517395019531250e+02
3.184265136718750000e+02
2.889736633300781250e+02
3.943319702148437500e+02
3.816622009277343750e+02
4.346363525390625000e+02
4.541353149414062500e+02
4.067220458984375000e+02
3.251350402832031250e+02
5.093762817382812500e+02
4.862642211914062500e+02
3.619209594726562500e+02
5.335570068359375000e+02
4.427073059082031250e+02
5.835993041992187500e+02
4.950125427246093750e+02
4.056372985839843750e+02
3.192113037109375000e+02
4.042458801269531250e+02
4.599451599121093750e+02
5.466048583984375000e+02
2.627350463867187500e+02
0.000000000000000000e+00
