8.653037071228027344e+00
1.737109875679016113e+01
1.735874986648559570e+01
1.736691141128540039e+01
1.737262368202209473e+01
1.732640457153320312e+01
1.732749319076538086e+01
1.733416748046875000e+01
1.735051679611206055e+01
1.731288957595825195e+01
1.728741765022277832e+01
1.730739068984985352e+01
1.733222341537475586e+01
1.734222841262817383e+01
1.726331973075866699e+01
1.727007293701171875e+01
1.727383399009704590e+01
1.729632449150085449e+01
1.732228589057922363e+01
1.724537992477416992e+01
1.727783989906311035e+01
1.727534317970275879e+01
1.727312541007995605e+01
1.727746462821960449e+01
1.728769946098327637e+01
1.727738237380981445e+01
1.727019500732421875e+01
1.723782229423522949e+01
1.724853539466857910e+01
1.727524113655090332e+01
0.000000000000000000e+00
