1.435963525864281110e-08
-2.066237449645996094e+00
-3.460789680480957031e+00
-6.124946117401123047e+00
-8.587832450866699219e+00
-8.585164070129394531e+00
-1.478567028045654297e+01
-1.251881313323974609e+01
-1.555375099182128906e+01
-1.946118545532226562e+01
-2.283163070678710938e+01
-2.842577552795410156e+01
-2.623511123657226562e+01
-2.147136306762695312e+01
-2.150271797180175781e+01
-2.752013397216796875e+01
-3.515486907958984375e+01
-3.149540710449218750e+01
-3.034948348999023438e+01
-3.084016036987304688e+01
-3.957594680786132812e+01
-4.956208038330078125e+01
-3.649352645874023438e+01
-4.230367279052734375e+01
-4.114351272583007812e+01
-3.492588806152343750e+01
-4.048403930664062500e+01
-4.586523818969726562e+01
-3.960495758056640625e+01
-4.422530364990234375e+01
0.000000000000000000e+00
