2.004422867685207166e-06
9.763797760009765625e+01
1.748081054687500000e+02
2.279464721679687500e+02
3.302796020507812500e+02
3.790705566406250000e+02
3.585670776367187500e+02
4.014543457031250000e+02
5.008070068359375000e+02
4.960020751953125000e+02
4.297095947265625000e+02
5.516386108398437500e+02
5.509837646484375000e+02
4.432705993652343750e+02
4.077218627929687500e+02
5.362213745117187500e+02
2.923955688476562500e+02
3.932676391601562500e+02
3.674118652343750000e+02
2.555721130371093750e+02
5.605293579101562500e+02
3.651722412109375000e+02
2.095575408935546875e+02
5.028996887207031250e+02
1.888521270751953125e+02
1.352183685302734375e+02
3.751565246582031250e+02
2.642199401855468750e+02
5.079359436035156250e+02
1.031010284423828125e+02
4.972507019042968750e+02
1.442355499267578125e+02
2.275771713256835938e+01
4.681497192382812500e+02
4.344117431640625000e+02
3.156235961914062500e+02
2.856137084960937500e+02
2.446151428222656250e+02
1.583404388427734375e+02
2.724982299804687500e+02
1.390357360839843750e+02
7.857338714599609375e+01
8.891465759277343750e+01
1.202830352783203125e+02
8.268898010253906250e+01
3.862939758300781250e+02
2.576340026855468750e+02
1.901228027343750000e+02
2.983933258056640625e+01
9.741334533691406250e+01
3.579859924316406250e+02
4.408311080932617188e+01
4.025163574218750000e+02
1.782734680175781250e+01
1.614211425781250000e+02
1.297738494873046875e+02
1.831131439208984375e+02
9.287232971191406250e+01
2.979631652832031250e+02
6.860198974609375000e+01
0.000000000000000000e+00
