2.117603116857935674e-06
-5.341365051269531250e+01
-1.010463562011718750e+02
-1.434483184814453125e+02
-1.917479095458984375e+02
-2.233217163085937500e+02
-2.444707946777343750e+02
-2.876392211914062500e+02
-2.758054809570312500e+02
-3.378876953125000000e+02
-3.118052978515625000e+02
-4.227577514648437500e+02
-4.078973083496093750e+02
-4.561077270507812500e+02
-4.756380310058593750e+02
-4.342421875000000000e+02
-3.602899169921875000e+02
-5.408717041015625000e+02
-5.166137084960937500e+02
-3.927611083984375000e+02
-5.731329345703125000e+02
-4.922693786621093750e+02
-6.200928344726562500e+02
-5.373162231445312500e+02
-4.467808227539062500e+02
-3.541372070312500000e+02
-4.447299194335937500e+02
-5.058103942871093750e+02
-5.862098388671875000e+02
-3.069603576660156250e+02
0.000000000000000000e+00
