-1.996244490146636963e-01
-1.134092092514038086e+00
-2.214931488037109375e+00
-3.460042476654052734e+00
-5.361403465270996094e+00
-7.609897613525390625e+00
-1.030400180816650391e+01
-1.387061882019042969e+01
-1.826966094970703125e+01
-2.375273895263671875e+01
-3.097317123413085938e+01
-3.602449798583984375e+01
-4.507997894287109375e+01
-5.446170806884765625e+01
-6.484275817871093750e+01
-7.893353271484375000e+01
-9.720751953125000000e+01
-1.223266296386718750e+02
-1.430842285156250000e+02
-1.663558959960937500e+02
-2.004349975585937500e+02
-2.156468658447265625e+02
-2.330738830566406250e+02
-2.875454101562500000e+02
-3.127557373046875000e+02
-3.538829956054687500e+02
-3.949216003417968750e+02
-3.778779602050781250e+02
-4.476589660644531250e+02
-5.060770263671875000e+02
0.000000000000000000e+00
