-4.512426257133483887e-02
9.559419751167297363e-01
2.310802698135375977e+00
4.156152725219726562e+00
7.111704826354980469e+00
9.632937431335449219e+00
1.608493041992187500e+01
2.280021476745605469e+01
3.053409194946289062e+01
4.389025878906250000e+01
5.496865844726562500e+01
7.542585754394531250e+01
8.353163146972656250e+01
1.256702423095703125e+02
1.281746520996093750e+02
2.018116607666015625e+02
2.238672485351562500e+02
2.930204772949218750e+02
3.850415954589843750e+02
4.945820922851562500e+02
5.451896972656250000e+02
7.908421630859375000e+02
9.336613769531250000e+02
1.372146606445312500e+03
1.662426879882812500e+03
2.115296630859375000e+03
2.604713378906250000e+03
3.011681152343750000e+03
4.166288085937500000e+03
5.169802734375000000e+03
5.488231445312500000e+03
7.593084960937500000e+03
9.371708984375000000e+03
1.265803027343750000e+04
1.522509277343750000e+04
1.739018164062500000e+04
2.041907421875000000e+04
2.395725781250000000e+04
2.788510351562500000e+04
3.440151953125000000e+04
3.873087109375000000e+04
4.876107031250000000e+04
5.459170312500000000e+04
6.484628125000000000e+04
7.220317187500000000e+04
9.862913281250000000e+04
5.130310937500000000e+04
1.086666562500000000e+05
1.102764531250000000e+05
1.472904062500000000e+05
1.483026875000000000e+05
1.839247500000000000e+05
2.236827343750000000e+05
2.223534218750000000e+05
2.471933437500000000e+05
3.270972500000000000e+05
2.822820937500000000e+05
3.109561875000000000e+05
2.773322812500000000e+05
4.197677187500000000e+05
0.000000000000000000e+00
