-4.318836331367492676e-02
6.444736719131469727e-01
1.323273301124572754e+00
1.879680156707763672e+00
2.818526744842529297e+00
4.406161308288574219e+00
5.576496124267578125e+00
7.211602210998535156e+00
8.793448448181152344e+00
1.128367900848388672e+01
1.614070701599121094e+01
1.685595321655273438e+01
2.246858978271484375e+01
2.495309066772460938e+01
2.832140350341796875e+01
4.026420974731445312e+01
4.886968231201171875e+01
5.718154907226562500e+01
6.749932861328125000e+01
9.216148376464843750e+01
8.338252258300781250e+01
8.404856872558593750e+01
6.722236633300781250e+01
1.238149414062500000e+02
1.296415710449218750e+02
1.287278900146484375e+02
1.516307525634765625e+02
8.900411987304687500e+01
1.660390014648437500e+02
2.223526306152343750e+02
0.000000000000000000e+00
