-2.428128123283386230e-01
-4.896183907985687256e-01
-8.916581869125366211e-01
-1.580362319946289062e+00
-2.542876720428466797e+00
-3.203736305236816406e+00
-4.727505683898925781e+00
-6.659016609191894531e+00
-9.476212501525878906e+00
-1.246905994415283203e+01
-1.483246421813964844e+01
-1.916854476928710938e+01
-2.261138916015625000e+01
-2.950861740112304688e+01
-3.652135467529296875e+01
-3.866932296752929688e+01
-4.833783721923828125e+01
-6.514508056640625000e+01
-7.558489990234375000e+01
-7.419441223144531250e+01
-1.170524749755859375e+02
-1.315982971191406250e+02
-1.658515167236328125e+02
-1.637304687500000000e+02
-1.831141662597656250e+02
-2.251551055908203125e+02
-2.432908477783203125e+02
-2.888738403320312500e+02
-2.816199645996093750e+02
-2.837243957519531250e+02
0.000000000000000000e+00
