3.002952647209167480e+01
5.230125617980957031e+01
5.240705060958862305e+01
5.236804795265197754e+01
5.238440656661987305e+01
5.237767624855041504e+01
5.239204645156860352e+01
5.237507629394531250e+01
5.240467476844787598e+01
5.238694524765014648e+01
5.238586473464965820e+01
5.239393472671508789e+01
5.241899728775024414e+01
5.239205670356750488e+01
5.242310595512390137e+01
5.240673375129699707e+01
5.241017746925354004e+01
5.242320680618286133e+01
5.241517877578735352e+01
5.239921450614929199e+01
5.239978194236755371e+01
5.242715716361999512e+01
5.239989614486694336e+01
5.243162965774536133e+01
5.238021039962768555e+01
5.240140390396118164e+01
5.238842749595642090e+01
5.241016554832458496e+01
5.240011000633239746e+01
5.242441630363464355e+01
5.238996744155883789e+01
5.243195700645446777e+01
5.241190075874328613e+01
5.242823886871337891e+01
5.239954352378845215e+01
5.240859532356262207e+01
5.240963768959045410e+01
5.242397189140319824e+01
5.239821839332580566e+01
5.242613530158996582e+01
5.242373847961425781e+01
5.240569615364074707e+01
5.241087388992309570e+01
5.239338254928588867e+01
5.242077350616455078e+01
5.239306616783142090e+01
5.240921068191528320e+01
5.237577486038208008e+01
5.227761530876159668e+01
5.227554368972778320e+01
5.232535052299499512e+01
5.229064846038818359e+01
5.230710816383361816e+01
5.229521560668945312e+01
5.233576941490173340e+01
5.232795095443725586e+01
5.232817816734313965e+01
5.231098484992980957e+01
5.231337070465087891e+01
5.226884222030639648e+01
0.000000000000000000e+00
