6.479591727256774902e-01
7.034438848495483398e-01
8.140146732330322266e-01
8.973214030265808105e-01
9.084024429321289062e-01
9.088807106018066406e-01
9.215561151504516602e-01
9.178890585899353027e-01
9.179687500000000000e-01
9.156568646430969238e-01
9.180484414100646973e-01
9.207589030265808105e-01
9.126275777816772461e-01
9.244260191917419434e-01
9.119898080825805664e-01
9.260203838348388672e-01
9.290497303009033203e-01
9.206792116165161133e-01
9.180484414100646973e-01
9.221938848495483398e-01
9.198819994926452637e-01
9.182876348495483398e-01
9.061703085899353027e-01
9.099171161651611328e-01
9.022640585899353027e-01
9.080835580825805664e-01
8.998724222183227539e-01
8.793048262596130371e-01
8.869578838348388672e-01
8.863201737403869629e-01
8.852040767669677734e-01
8.918207883834838867e-01
8.827328085899353027e-01
8.764349222183227539e-01
8.778699040412902832e-01
8.745216727256774902e-01
8.765146732330322266e-01
8.611288070678710938e-01
8.684630393981933594e-01
8.468590378761291504e-01
8.536351919174194336e-01
8.569036722183227539e-01
8.499681353569030762e-01
8.408004045486450195e-01
8.451052308082580566e-01
8.334661722183227539e-01
8.246173262596130371e-01
8.364955186843872070e-01
8.341039419174194336e-01
8.425542116165161133e-01
8.422353267669677734e-01
8.395248651504516602e-01
8.423150777816772461e-01
8.341836929321289062e-01
8.309949040412902832e-01
8.191167116165161133e-01
8.219866156578063965e-01
8.240593075752258301e-01
8.190369606018066406e-01
8.160873651504516602e-01
0.000000000000000000e+00
