-2.342997789382934570e-01
2.307146453857421875e+01
5.797263336181640625e+01
1.067839126586914062e+02
1.399344787597656250e+02
9.660781860351562500e+01
-8.040084838867187500e+01
-2.056467895507812500e+02
-1.135699996948242188e+02
-5.643591308593750000e+01
-3.991003417968750000e+01
-4.992382812500000000e+01
8.447677612304687500e+00
-1.448937988281250000e+01
5.798751831054687500e+00
-1.144798278808593750e+01
-1.619919586181640625e+01
-1.123553466796875000e+01
-1.532590484619140625e+01
7.466537475585937500e+00
3.896903991699218750e+00
-9.356956481933593750e-01
-1.940292358398437500e+00
5.956466674804687500e+00
3.140659332275390625e+00
-2.072746276855468750e+00
-1.245567321777343750e+00
-2.741928100585937500e-01
7.523366928100585938e+00
4.659194946289062500e-01
7.707176208496093750e+00
5.931983947753906250e+00
3.871639251708984375e+00
-9.107780456542968750e-01
5.505825805664062500e+01
4.965586090087890625e+01
3.084770202636718750e+01
7.418785095214843750e+00
-4.775355148315429688e+01
3.055621337890625000e+01
4.422999572753906250e+01
-2.514503479003906250e+01
1.949725341796875000e+01
-7.002163696289062500e+01
-3.874583435058593750e+01
6.339866638183593750e+00
2.016238784790039062e+01
-7.507705688476562500e-01
1.688053131103515625e+01
6.778518676757812500e+00
-3.167340087890625000e+01
-6.808631896972656250e+00
-2.275942230224609375e+01
-2.691417694091796875e+01
-2.021223068237304688e+01
-2.438737869262695312e+01
3.307493209838867188e+01
3.191496276855468750e+01
-3.722604370117187500e+01
-2.500657653808593750e+01
0.000000000000000000e+00
