6.635841727256774902e-01
8.477359414100646973e-01
8.832110762596130371e-01
8.933354616165161133e-01
8.821747303009033203e-01
8.881536722183227539e-01
8.991549611091613770e-01
8.920599222183227539e-01
8.950095772743225098e-01
9.154177308082580566e-01
9.099968075752258301e-01
9.029815196990966797e-01
9.139828085899353027e-01
9.070472121238708496e-01
9.156568646430969238e-01
9.056919813156127930e-01
9.107940196990966797e-01
9.086415767669677734e-01
9.016262888908386230e-01
9.033004045486450195e-01
9.097576737403869629e-01
9.195631146430969238e-01
9.076849222183227539e-01
9.164540767669677734e-01
9.217155575752258301e-01
9.078443646430969238e-01
9.118303656578063965e-01
9.074457883834838867e-01
9.289700388908386230e-01
9.139828085899353027e-01
9.089604616165161133e-01
9.157366156578063965e-01
9.097576737403869629e-01
9.065688848495483398e-01
8.961256146430969238e-01
8.947703838348388672e-01
9.016262888908386230e-01
9.023437500000000000e-01
8.988360762596130371e-01
9.046556353569030762e-01
8.908641338348388672e-01
9.022640585899353027e-01
9.099968075752258301e-01
9.080835580825805664e-01
9.174904227256774902e-01
9.096779227256774902e-01
9.076849222183227539e-01
9.080038070678710938e-01
9.186065196990966797e-01
9.153380393981933594e-01
9.209183454513549805e-01
8.973214030265808105e-01
9.124681353569030762e-01
9.212372303009033203e-01
9.296875000000000000e-01
9.100765585899353027e-01
9.001116156578063965e-01
9.059311151504516602e-01
9.131855964660644531e-01
9.221141338348388672e-01
0.000000000000000000e+00
