2.181550115346908569e-02
-9.514078497886657715e-01
9.729962348937988281e-01
1.268356800079345703e+01
1.766393661499023438e+01
4.056129455566406250e+01
-2.967738723754882812e+01
-1.772680816650390625e+02
-1.882613830566406250e+02
-1.627973937988281250e+02
-1.404566040039062500e+02
-1.321116943359375000e+02
-9.372452545166015625e+01
-8.753419494628906250e+01
-6.740166473388671875e+01
-6.678080749511718750e+01
-6.244830322265625000e+01
-5.725548553466796875e+01
-6.209079360961914062e+01
-5.537093353271484375e+01
-4.923242568969726562e+01
-3.788119888305664062e+01
-4.362909698486328125e+01
-3.741540527343750000e+01
-3.191567993164062500e+01
-3.729241180419921875e+01
-3.549487304687500000e+01
-3.439108276367187500e+01
-3.171950721740722656e+01
-3.828573226928710938e+01
-3.756035614013671875e+01
-3.062773132324218750e+01
-3.419485092163085938e+01
-4.217642211914062500e+01
-4.532256317138671875e+01
-6.165343475341796875e+01
-6.748191833496093750e+01
-7.435680389404296875e+01
-9.379122924804687500e+01
-5.424549102783203125e+01
-6.279295349121093750e+01
-6.749527740478515625e+01
-6.856150817871093750e+01
-1.021736526489257812e+02
-8.416412353515625000e+01
-6.760216522216796875e+01
-5.311705398559570312e+01
-7.722278594970703125e+01
-7.890995788574218750e+01
-8.466139984130859375e+01
-7.619845581054687500e+01
-9.367301177978515625e+01
-7.831938171386718750e+01
-7.057015991210937500e+01
-5.671250152587890625e+01
-5.749447250366210938e+01
-5.910815811157226562e+01
-7.369667053222656250e+01
-7.795947265625000000e+01
-6.713431549072265625e+01
0.000000000000000000e+00
