1.328169405460357666e-01
1.062949752807617188e+01
2.424761962890625000e+01
4.340504455566406250e+01
6.710875701904296875e+01
9.359206390380859375e+01
1.070879135131835938e+02
1.285597381591796875e+02
1.544041442871093750e+02
7.648738861083984375e+01
-2.830823135375976562e+01
-1.298697662353515625e+02
-6.903444671630859375e+01
-7.041323852539062500e+01
-5.555101013183593750e+01
-2.208000183105468750e+01
-2.272811889648437500e+00
-1.191911315917968750e+01
-4.372100830078125000e-01
-1.565137481689453125e+01
-2.018504333496093750e+01
-2.138133239746093750e+01
5.971431732177734375e+00
1.454925537109375000e+00
-1.627824401855468750e+01
1.331363677978515625e+00
-2.530406951904296875e+00
-4.122932434082031250e+00
-2.035858154296875000e+00
1.298445129394531250e+01
0.000000000000000000e+00
