-8.312489092350006104e-02
-1.092543029785156250e+01
-2.441793441772460938e+01
-4.243772888183593750e+01
-6.395229339599609375e+01
-8.647732543945312500e+01
-1.036037979125976562e+02
-1.049671630859375000e+02
-1.349164886474609375e+02
-4.025137710571289062e+01
3.566149902343750000e+01
4.535640716552734375e+01
-2.435038185119628906e+01
-6.107139587402343750e+01
-8.000721740722656250e+01
-9.670281982421875000e+01
-1.175822525024414062e+02
-1.081059112548828125e+02
-1.009159088134765625e+02
-7.726480865478515625e+01
-5.943374633789062500e+01
-5.429873657226562500e+01
-5.205593109130859375e+01
-6.151773834228515625e+01
-5.037683868408203125e+01
-4.854943466186523438e+01
-5.403254318237304688e+01
-5.592041015625000000e+01
-5.052191162109375000e+01
-5.283723449707031250e+01
0.000000000000000000e+00
