2.006177496910095215e+01
4.011310458183288574e+01
4.009091615676879883e+01
4.014145398139953613e+01
4.010633373260498047e+01
4.012116765975952148e+01
4.011707019805908203e+01
4.015411067008972168e+01
4.012480568885803223e+01
4.014292860031127930e+01
4.015785264968872070e+01
4.013045692443847656e+01
4.016601490974426270e+01
4.011702251434326172e+01
4.015449523925781250e+01
4.013401770591735840e+01
4.012726068496704102e+01
4.013937354087829590e+01
4.007345485687255859e+01
4.015103602409362793e+01
4.008550930023193359e+01
4.013384342193603516e+01
4.009218978881835938e+01
4.015929603576660156e+01
4.014183592796325684e+01
4.011417484283447266e+01
4.018543887138366699e+01
4.012227368354797363e+01
4.010365128517150879e+01
4.012945079803466797e+01
0.000000000000000000e+00
