5.440871582031250000e+02
5.332697753906250000e+02
5.189256591796875000e+02
5.002355651855468750e+02
4.767588195800781250e+02
4.490013732910156250e+02
4.177149658203125000e+02
3.862788696289062500e+02
3.512172241210937500e+02
3.200227661132812500e+02
3.049109191894531250e+02
2.632371826171875000e+02
2.357344970703125000e+02
1.761636657714843750e+02
1.238159408569335938e+02
9.989264678955078125e+01
9.253946685791015625e+01
9.671760559082031250e+01
9.322763824462890625e+01
9.524678039550781250e+01
1.022391662597656250e+02
1.071791687011718750e+02
1.213030700683593750e+02
1.144950180053710938e+02
1.271545028686523438e+02
1.331365661621093750e+02
1.351705932617187500e+02
1.307834625244140625e+02
1.325149688720703125e+02
1.345227966308593750e+02
0.000000000000000000e+00
