-5.434273681640625000e+02
-4.976769714355468750e+02
-4.703056030273437500e+02
-4.487073669433593750e+02
-4.278465270996093750e+02
-4.059650573730468750e+02
-3.879157714843750000e+02
-3.705241699218750000e+02
-3.602168579101562500e+02
-3.385522155761718750e+02
-3.043375244140625000e+02
-3.235785217285156250e+02
-3.091449890136718750e+02
-2.795822143554687500e+02
-2.893548889160156250e+02
-2.703834533691406250e+02
-2.677033996582031250e+02
-2.649483337402343750e+02
-2.281546478271484375e+02
-2.374445190429687500e+02
-2.016559600830078125e+02
-2.206674804687500000e+02
-2.184857482910156250e+02
-1.670369110107421875e+02
-1.959607086181640625e+02
-2.165582122802734375e+02
-1.761794281005859375e+02
-1.556617126464843750e+02
-1.792636871337890625e+02
-1.295345916748046875e+02
0.000000000000000000e+00
