1.173162984848022461e+01
2.051967859268188477e+01
2.051906299591064453e+01
2.055012226104736328e+01
2.052953433990478516e+01
2.057262420654296875e+01
2.054603075981140137e+01
2.054263663291931152e+01
2.054670166969299316e+01
2.052675127983093262e+01
2.052415728569030762e+01
2.052834177017211914e+01
2.053014087677001953e+01
2.053917217254638672e+01
2.050641417503356934e+01
2.050472474098205566e+01
2.049528980255126953e+01
2.054649710655212402e+01
2.051404619216918945e+01
2.051443982124328613e+01
2.050447273254394531e+01
2.049149966239929199e+01
2.050879287719726562e+01
2.051796460151672363e+01
2.049189996719360352e+01
2.053292322158813477e+01
2.050846934318542480e+01
2.052352070808410645e+01
2.049804663658142090e+01
2.048687148094177246e+01
2.051506638526916504e+01
2.047448897361755371e+01
2.052256035804748535e+01
2.050497317314147949e+01
2.049774026870727539e+01
2.051432681083679199e+01
2.049960374832153320e+01
2.049277520179748535e+01
2.050972509384155273e+01
2.048068475723266602e+01
2.050250315666198730e+01
2.047446012496948242e+01
2.050728297233581543e+01
2.050605654716491699e+01
2.049294829368591309e+01
2.050239109992980957e+01
2.050524950027465820e+01
2.052328133583068848e+01
2.051204037666320801e+01
2.051331686973571777e+01
2.051948666572570801e+01
2.048559093475341797e+01
2.049865221977233887e+01
2.051164984703063965e+01
2.049384808540344238e+01
2.051428341865539551e+01
2.047281146049499512e+01
2.050497674942016602e+01
2.049218916893005371e+01
2.047326254844665527e+01
0.000000000000000000e+00
