-5.433726196289062500e+02
-5.424721679687500000e+02
-5.411459350585937500e+02
-5.398609008789062500e+02
-5.371166381835937500e+02
-5.336933593750000000e+02
-5.286499633789062500e+02
-5.280040283203125000e+02
-5.202079467773437500e+02
-5.221496582031250000e+02
-5.054341735839843750e+02
-5.079674072265625000e+02
-4.862148132324218750e+02
-4.771464233398437500e+02
-4.632927246093750000e+02
-4.317220153808593750e+02
-4.321550903320312500e+02
-4.025207519531250000e+02
-3.479998474121093750e+02
-3.030427246093750000e+02
-2.325240478515625000e+02
-2.552838287353515625e+02
-1.996588287353515625e+02
-2.243734130859375000e+02
-2.157316284179687500e+02
-2.163499145507812500e+02
-1.446722259521484375e+02
-9.907904052734375000e+01
-8.621081542968750000e+01
-5.014872741699218750e+01
-3.958535766601562500e+01
-5.272416687011718750e+01
-4.599412536621093750e+01
-4.375846862792968750e+01
-6.404701232910156250e+01
-5.690009307861328125e+01
-6.032923889160156250e+01
-9.191117095947265625e+01
-5.566101074218750000e+01
-2.320245361328125000e+01
-3.825236511230468750e+01
-3.905930328369140625e+01
-4.418469238281250000e+01
-5.015867614746093750e+01
-4.601603698730468750e+01
-3.658914947509765625e+01
-3.826020812988281250e+01
-4.041054534912109375e+01
-2.906190490722656250e+01
-3.159211730957031250e+01
-2.675765991210937500e+01
-4.320613098144531250e+01
-4.219914245605468750e+01
-4.157669067382812500e+01
-3.974725341796875000e+01
-3.215230560302734375e+01
-2.125267028808593750e+01
-3.325364685058593750e+01
-4.435569763183593750e+01
-2.859503936767578125e+01
0.000000000000000000e+00
