6.473214030265808105e-01
7.119738459587097168e-01
8.009406924247741699e-01
8.560267686843872070e-01
8.867984414100646973e-01
9.068877696990966797e-01
9.198819994926452637e-01
9.239476919174194336e-01
9.323979616165161133e-01
9.021046161651611328e-01
9.268973469734191895e-01
9.177296161651611328e-01
9.152582883834838867e-01
9.062500000000000000e-01
9.107142686843872070e-01
9.043367505073547363e-01
8.905453085899353027e-01
8.978794813156127930e-01
8.975605964660644531e-01
9.061703085899353027e-01
9.029017686843872070e-01
8.968431353569030762e-01
9.155771732330322266e-01
8.973214030265808105e-01
9.073660969734191895e-01
9.059311151504516602e-01
8.744419813156127930e-01
8.689413070678710938e-01
8.697385191917419434e-01
8.805006146430969238e-01
8.659119606018066406e-01
8.678252696990966797e-01
8.692601919174194336e-01
8.847257494926452637e-01
8.647959232330322266e-01
8.737244606018066406e-01
8.798629045486450195e-01
8.807398080825805664e-01
8.810586929321289062e-01
8.883928656578063965e-01
8.840082883834838867e-01
8.918207883834838867e-01
8.729273080825805664e-01
8.728475570678710938e-01
8.513233661651611328e-01
8.436703085899353027e-01
8.462213277816772461e-01
8.493303656578063965e-01
8.650350570678710938e-01
8.774713277816772461e-01
8.683832883834838867e-01
8.812978267669677734e-01
8.783482313156127930e-01
8.694196343421936035e-01
8.626434803009033203e-01
8.728475570678710938e-01
8.762755393981933594e-01
8.704559803009033203e-01
8.770726919174194336e-01
8.675860762596130371e-01
0.000000000000000000e+00
