5.434273681640625000e+02
4.959281311035156250e+02
4.680563659667968750e+02
4.449533081054687500e+02
4.241555175781250000e+02
3.989085083007812500e+02
3.840942077636718750e+02
3.643334655761718750e+02
3.545033569335937500e+02
3.333561706542968750e+02
2.967519836425781250e+02
3.119376831054687500e+02
2.986826477050781250e+02
2.712870483398437500e+02
2.777103271484375000e+02
2.607701416015625000e+02
2.586156921386718750e+02
2.554140014648437500e+02
2.195806884765625000e+02
2.265992126464843750e+02
1.879404144287109375e+02
2.074125061035156250e+02
2.020491638183593750e+02
1.429760894775390625e+02
1.798799133300781250e+02
2.037842712402343750e+02
1.647082672119140625e+02
1.411774597167968750e+02
1.671058807373046875e+02
1.108283615112304688e+02
0.000000000000000000e+00
