2.772583007812500000e+00
1.454193115234375000e+00
1.175109863281250000e+00
9.462280273437500000e-01
1.337524414062500000e+00
-1.043701171875000000e-01
1.617523193359375000e+00
5.744323730468750000e-01
7.873535156250000000e-03
1.333984375000000000e+00
8.696594238281250000e-01
-4.944458007812500000e-01
4.147338867187500000e-02
6.652221679687500000e-01
1.461486816406250000e+00
7.351684570312500000e-01
2.746887207031250000e-01
4.795379638671875000e-01
1.326019287109375000e+00
9.164276123046875000e-01
4.902496337890625000e-01
6.959838867187500000e-01
-1.673889160156250000e-02
1.165924072265625000e+00
2.220458984375000000e-01
-1.968078613281250000e-01
1.596908569335937500e+00
5.617523193359375000e-01
5.747070312500000000e-01
6.647186279296875000e-01
0.000000000000000000e+00
