-5.436954956054687500e+02
-5.214187011718750000e+02
-4.788639526367187500e+02
-4.182359008789062500e+02
-3.393563537597656250e+02
-2.652640686035156250e+02
-2.575950927734375000e+02
-2.624484863281250000e+02
-2.570284423828125000e+02
-2.054506530761718750e+02
-2.090359497070312500e+02
-2.244461975097656250e+02
-2.157424774169921875e+02
-2.020014953613281250e+02
-2.039644927978515625e+02
-2.045864257812500000e+02
-2.188481140136718750e+02
-1.905024719238281250e+02
-1.984102478027343750e+02
-1.864393615722656250e+02
-1.871566467285156250e+02
-2.083996887207031250e+02
-1.927126159667968750e+02
-1.984268035888671875e+02
-1.874112243652343750e+02
-1.917955474853515625e+02
-1.863580017089843750e+02
-1.826489868164062500e+02
-1.866235351562500000e+02
-1.869135284423828125e+02
-2.243192443847656250e+02
-1.702219390869140625e+02
-1.684867553710937500e+02
-1.882608489990234375e+02
-1.984223937988281250e+02
-2.644924011230468750e+02
-1.616882476806640625e+02
-1.759323730468750000e+02
-1.587863616943359375e+02
-1.755244445800781250e+02
-1.563230438232421875e+02
-1.687033233642578125e+02
-2.434553527832031250e+02
-1.596234436035156250e+02
-1.491137084960937500e+02
-1.557208557128906250e+02
-3.355895690917968750e+02
-1.491094055175781250e+02
-1.937260131835937500e+02
-1.412773437500000000e+02
-1.459101104736328125e+02
-2.481580810546875000e+02
-1.465641784667968750e+02
-2.430302124023437500e+02
-2.451985321044921875e+02
-1.401084289550781250e+02
-2.327850952148437500e+02
-1.277631988525390625e+02
-2.193809814453125000e+02
-1.270765533447265625e+02
0.000000000000000000e+00
