2.252831196784973145e+01
4.460684704780578613e+01
4.462491083145141602e+01
4.465755724906921387e+01
4.460574221611022949e+01
4.464828968048095703e+01
4.463746094703674316e+01
4.461614155769348145e+01
4.467355871200561523e+01
4.462516164779663086e+01
4.464259719848632812e+01
4.469789791107177734e+01
4.460217976570129395e+01
4.464538764953613281e+01
4.465564036369323730e+01
4.463455677032470703e+01
4.467300581932067871e+01
4.466640615463256836e+01
4.461934971809387207e+01
4.465152788162231445e+01
4.463380336761474609e+01
4.467902088165283203e+01
4.466559910774230957e+01
4.464493012428283691e+01
4.465089154243469238e+01
4.466849327087402344e+01
4.462610983848571777e+01
4.470768594741821289e+01
4.463583445549011230e+01
4.462496948242187500e+01
0.000000000000000000e+00
