1.993649101257324219e+01
3.972643637657165527e+01
3.974228024482727051e+01
3.974543404579162598e+01
3.968285202980041504e+01
3.969462490081787109e+01
3.971112632751464844e+01
3.967218685150146484e+01
3.966597509384155273e+01
3.967578411102294922e+01
3.966596364974975586e+01
3.966225790977478027e+01
3.969428992271423340e+01
3.967699265480041504e+01
3.966084790229797363e+01
3.967997717857360840e+01
3.966639971733093262e+01
3.966945934295654297e+01
3.968555641174316406e+01
3.967396926879882812e+01
3.966625928878784180e+01
3.965871691703796387e+01
3.967417860031127930e+01
3.966758155822753906e+01
3.968816208839416504e+01
3.968656039237976074e+01
3.974966764450073242e+01
3.968964338302612305e+01
3.975645995140075684e+01
3.974118041992187500e+01
0.000000000000000000e+00
