2.709472656250000000e+00
2.219177246093750000e+00
1.605773925781250000e+00
1.064453125000000000e-01
-1.158325195312500000e+00
-1.933959960937500000e+00
-3.381103515625000000e+00
-6.511535644531250000e+00
-5.255920410156250000e+00
-9.341308593750000000e+00
-1.593322753906250000e+00
-1.940673828125000000e+00
9.848022460937500000e-01
4.819183349609375000e+00
8.995208740234375000e+00
1.138635253906250000e+01
-1.711337280273437500e+01
3.852600097656250000e+01
5.907247924804687500e+01
7.342921447753906250e+01
9.396922302246093750e+01
8.734992218017578125e+01
1.215261993408203125e+02
9.057984161376953125e+01
1.359179840087890625e+02
2.104262847900390625e+02
1.703601684570312500e+02
2.116129455566406250e+02
2.132379150390625000e+02
1.848717803955078125e+02
1.989750061035156250e+02
2.067163696289062500e+02
1.792269592285156250e+02
1.880105133056640625e+02
1.965528411865234375e+02
1.658964385986328125e+02
1.721246948242187500e+02
1.686775207519531250e+02
1.362096710205078125e+02
1.503474426269531250e+02
1.328381652832031250e+02
1.236185150146484375e+02
1.478377838134765625e+02
1.621559600830078125e+02
1.637761383056640625e+02
1.543465576171875000e+02
1.635637817382812500e+02
1.526692657470703125e+02
1.433610229492187500e+02
1.477589263916015625e+02
1.346533050537109375e+02
1.352394714355468750e+02
1.225780105590820312e+02
1.364726867675781250e+02
1.195116882324218750e+02
1.319912719726562500e+02
1.204140548706054688e+02
1.203134613037109375e+02
1.388413085937500000e+02
1.150823364257812500e+02
0.000000000000000000e+00
