5.434217529296875000e+02
5.425831298828125000e+02
5.419280395507812500e+02
5.410982055664062500e+02
5.398090209960937500e+02
5.380093383789062500e+02
5.357584838867187500e+02
5.332709960937500000e+02
5.307799682617187500e+02
5.266820678710937500e+02
5.227080078125000000e+02
5.205697631835937500e+02
5.143638916015625000e+02
5.120142211914062500e+02
5.058914184570312500e+02
5.032112731933593750e+02
4.959722595214843750e+02
4.887148742675781250e+02
4.926319580078125000e+02
4.812962646484375000e+02
4.642071533203125000e+02
4.591539611816406250e+02
4.512790527343750000e+02
4.348963928222656250e+02
4.247141113281250000e+02
4.179912719726562500e+02
4.023811645507812500e+02
3.834149169921875000e+02
3.744299926757812500e+02
3.477906799316406250e+02
0.000000000000000000e+00
