-5.438319091796875000e+02
-5.337105712890625000e+02
-5.199670410156250000e+02
-5.006416320800781250e+02
-4.769009704589843750e+02
-4.469335632324218750e+02
-3.987961425781250000e+02
-3.621199645996093750e+02
-3.060521850585937500e+02
-2.997694702148437500e+02
-2.603150024414062500e+02
-2.380172424316406250e+02
-2.532112731933593750e+02
-2.171000518798828125e+02
-1.953218078613281250e+02
-1.987482910156250000e+02
-1.927654724121093750e+02
-2.161282043457031250e+02
-2.068677062988281250e+02
-2.068188018798828125e+02
-2.026278686523437500e+02
-2.005487060546875000e+02
-2.042266540527343750e+02
-1.839527282714843750e+02
-1.937193298339843750e+02
-1.986115570068359375e+02
-1.862263183593750000e+02
-1.873795623779296875e+02
-1.898181762695312500e+02
-2.113799743652343750e+02
0.000000000000000000e+00
