-5.435208740234375000e+02
-5.430042114257812500e+02
-5.424631958007812500e+02
-5.420883178710937500e+02
-5.411134033203125000e+02
-5.402673339843750000e+02
-5.383313598632812500e+02
-5.380172729492187500e+02
-5.367818603515625000e+02
-5.334973754882812500e+02
-5.324967041015625000e+02
-5.307192993164062500e+02
-5.289593505859375000e+02
-5.269657592773437500e+02
-5.235494384765625000e+02
-5.187124023437500000e+02
-5.164815673828125000e+02
-5.081552429199218750e+02
-5.129253540039062500e+02
-5.108552551269531250e+02
-4.845067138671875000e+02
-4.899030456542968750e+02
-4.754674072265625000e+02
-4.662757873535156250e+02
-4.483920288085937500e+02
-4.468251342773437500e+02
-4.416751708984375000e+02
-4.156549682617187500e+02
-4.117304687500000000e+02
-3.766323547363281250e+02
0.000000000000000000e+00
