3.097412109375000000e+00
3.053039550781250000e+00
1.274258422851562500e+01
3.022576904296875000e+01
5.794052124023437500e+01
1.067872314453125000e+02
1.017729949951171875e+02
6.237973022460937500e+01
-6.879791259765625000e+00
-3.540692138671875000e+01
-6.578607940673828125e+01
-9.500392913818359375e+01
-6.326451110839843750e+01
-6.468984985351562500e+01
-4.693537902832031250e+01
-2.816818237304687500e+01
-3.398303222656250000e+01
-9.548309326171875000e+00
-1.452577972412109375e+01
8.098449707031250000e-01
-1.811637878417968750e+00
-1.630361938476562500e+01
-4.280929565429687500e-01
-1.983920288085937500e+01
-1.323434448242187500e+01
-4.358963012695312500e+00
1.461417388916015625e+01
9.691146850585937500e+00
-1.132087707519531250e+01
-1.264976501464843750e+01
-2.774302673339843750e+01
6.586791992187500000e+00
7.230705261230468750e+00
-3.066421508789062500e+00
-2.284259033203125000e+01
-3.048017883300781250e+01
8.358924865722656250e+00
-7.046813964843750000e+00
6.939292907714843750e+00
1.200675964355468750e+00
-3.727653503417968750e+00
-1.455313110351562500e+01
-3.526260375976562500e+01
-1.277175903320312500e+00
-3.985290527343750000e-01
-1.284407806396484375e+01
-3.527838134765625000e+01
-1.390258789062500000e+00
-2.776599121093750000e+01
-1.533897399902343750e+00
-3.638122558593750000e+00
-3.346795654296875000e+01
-1.471223449707031250e+01
-2.628434753417968750e+01
-3.177528381347656250e+01
-8.600296020507812500e+00
-3.099034118652343750e+01
-1.646655654907226562e+01
-3.777618408203125000e+01
-1.959660339355468750e+01
0.000000000000000000e+00
