6.619898080825805664e-01
8.503667116165161133e-01
8.852040767669677734e-01
8.895089030265808105e-01
8.764349222183227539e-01
8.840880393981933594e-01
8.848055005073547363e-01
8.966039419174194336e-01
8.961256146430969238e-01
9.092793464660644531e-01
9.151785969734191895e-01
9.093590378761291504e-01
9.099968075752258301e-01
9.197225570678710938e-01
9.107940196990966797e-01
9.050542116165161133e-01
8.979591727256774902e-01
9.044164419174194336e-01
9.115114808082580566e-01
9.132652878761291504e-01
9.145408272743225098e-01
9.000318646430969238e-01
9.024234414100646973e-01
9.126275777816772461e-01
9.120694994926452637e-01
9.117506146430969238e-01
9.152582883834838867e-01
9.078443646430969238e-01
9.136639237403869629e-01
9.133450388908386230e-01
8.997927308082580566e-01
9.192442893981933594e-01
9.203603267669677734e-01
9.039381146430969238e-01
9.074457883834838867e-01
9.111925959587097168e-01
9.178890585899353027e-01
9.037786722183227539e-01
9.191645383834838867e-01
8.968431353569030762e-01
9.116709232330322266e-01
9.209980964660644531e-01
9.072863459587097168e-01
9.170918464660644531e-01
9.178093075752258301e-01
9.260203838348388672e-01
9.091199040412902832e-01
9.068080186843872070e-01
9.073660969734191895e-01
9.207589030265808105e-01
9.111925959587097168e-01
9.052136540412902832e-01
9.140625000000000000e-01
8.952487111091613770e-01
8.992347121238708496e-01
9.013870954513549805e-01
8.975605964660644531e-01
9.008290767669677734e-01
9.032206535339355469e-01
8.991549611091613770e-01
0.000000000000000000e+00
