2.688164487443935449e-06
2.013911882696375955e+01
1.023389638760668774e+01
-1.990823138662104697e+01
3.460511396115258265e+01
-1.228453778660492546e+01
-2.494496017955896150e-01
2.388780056883732072e+01
1.004472206303382009e+01
7.603885701202187875e+00
1.652588080744985888e+01
1.999570490661968947e+01
1.459250485514470341e+01
3.212842748069854792e+01
-1.407011002157333479e+01
-1.585003454255442534e+00
9.411730906414980780e+00
1.251147117201210790e+01
1.268837614135652103e+01
1.461948839758749585e+01
1.266559078290577389e+01
7.638511693044506501e+00
8.461945736820382535e+00
1.818129074589733563e+01
5.680055919666976649e+00
1.017769728561112430e+01
1.086584094985257565e+01
3.160827250195633553e+01
1.999888913399733070e+01
2.018514414977605753e+01
7.946314794071511756e+00
9.820182122396310831e+00
2.318829769256490891e+01
2.390105281438099638e+01
1.127357764149833486e+01
2.695231081378997118e+01
3.571379403318701407e+00
9.323924612586566241e+00
1.593878147401114376e+01
1.493050330071335452e+01
