2.503929331302642822e+02
2.664936015605926514e+02
2.668471026420593262e+02
2.674282867908477783e+02
2.664968287944793701e+02
2.666424734592437744e+02
2.669638209342956543e+02
2.677645819187164307e+02
2.655298969745635986e+02
2.701773889064788818e+02
2.668724648952484131e+02
2.693852593898773193e+02
2.658205571174621582e+02
2.680063800811767578e+02
2.669147818088531494e+02
2.660513374805450439e+02
2.665459785461425781e+02
2.597003772258758545e+02
2.675602407455444336e+02
2.662998068332672119e+02
2.653235516548156738e+02
2.661294307708740234e+02
2.669821214675903320e+02
2.672876930236816406e+02
2.689551537036895752e+02
2.678121676445007324e+02
2.674232110977172852e+02
2.671464712619781494e+02
2.663994052410125732e+02
2.665832729339599609e+02
2.651321158409118652e+02
2.656442904472351074e+02
2.659507238864898682e+02
2.658350365161895752e+02
2.652722053527832031e+02
2.658168005943298340e+02
2.646743617057800293e+02
2.662143690586090088e+02
2.646491138935089111e+02
2.655693635940551758e+02
