3.697968006134033203e+01
8.261427307128906250e+01
1.018307452201843262e+02
8.785509490966796875e+01
9.620702767372131348e+01
9.303021955490112305e+01
8.855908727645874023e+01
8.951729893684387207e+01
9.164503908157348633e+01
8.828364539146423340e+01
9.051178145408630371e+01
9.293228149414062500e+01
9.023916721343994141e+01
8.677666282653808594e+01
8.634945940971374512e+01
9.104516911506652832e+01
8.500313901901245117e+01
9.159443879127502441e+01
9.160336279869079590e+01
8.547402906417846680e+01
8.277469778060913086e+01
8.437186264991760254e+01
8.751228237152099609e+01
8.748088932037353516e+01
8.304502224922180176e+01
8.190334415435791016e+01
8.626502394676208496e+01
8.367757177352905273e+01
8.438014650344848633e+01
8.515065360069274902e+01
8.556212139129638672e+01
8.760603737831115723e+01
8.079752254486083984e+01
8.267247152328491211e+01
8.314863085746765137e+01
8.250708198547363281e+01
8.242719531059265137e+01
8.504640054702758789e+01
8.654633760452270508e+01
8.691037702560424805e+01
