-6.786475419656090580e-01
2.146065991591890343e+05
1.780058842213173807e+08
3.410487019997583866e+09
3.437344978262089539e+10
1.336513258858720551e+11
3.510856816324346924e+11
7.377190640446187744e+11
1.352256045106756836e+12
2.258817931649779785e+12
3.520067626136143555e+12
5.176421643879363281e+12
7.290937869487020508e+12
1.002566902688333984e+13
1.334211078261073633e+13
1.726952750086930078e+13
2.193727142689330859e+13
2.756527030780338672e+13
3.395420023287820703e+13
4.129415576411475781e+13
4.980355890569392969e+13
5.911767458280907812e+13
6.967004480215587500e+13
8.143419675304398438e+13
9.430908022115585938e+13
1.081445305635400781e+14
1.235662785139751406e+14
1.410922811496825938e+14
1.597254576830412500e+14
1.795423863112140000e+14
2.015879713993020312e+14
2.250613804873876562e+14
2.500541456198406250e+14
2.768005895161228438e+14
3.050015024450920625e+14
3.359662309390281250e+14
3.692899963181068750e+14
4.020857277100991250e+14
4.398310524753735000e+14
4.777455581428663750e+14
